1.000000000 0.000000000 0.000000000 0.000000000 0.000000000 1.000000000 0.000000000 0.000000000 0.000000000 0.000000000 1.000000000 0.000000000
0.999873996 0.001482851 0.015805515 0.010776995 -0.001468343 0.999998510 -0.000929467 -0.003379105 -0.015806869 0.000906142 0.999874651 0.126328260
0.999292493 0.004308708 0.037362106 0.027243715 -0.004296947 0.999990702 -0.000395084 -0.004825443 -0.037363462 0.000234262 0.999301732 0.272720933
0.997895122 0.005965327 0.064573988 0.056311876 -0.006040631 0.999981284 0.000970988 -0.004931076 -0.064566992 -0.001359012 0.997912467 0.436197340
0.995125294 0.005593899 0.098459736 0.101957738 -0.005944948 0.999976993 0.003272395 -0.004368801 -0.098439150 -0.003841781 0.995135665 0.608285785
0.990626693 0.002490686 0.136574134 0.163421780 -0.003244180 0.999980688 0.005294807 -0.005185061 -0.136558309 -0.005688248 0.990615726 0.793489277
0.984332085 -0.000334821 0.176324219 0.236074418 -0.000651989 0.999984503 0.005538604 -0.004117063 -0.176323295 -0.005566787 0.984316587 0.989208817
0.975554526 -0.000560536 0.219756842 0.320535600 -0.000946593 0.999976695 0.006752810 -0.001327926 -0.219755515 -0.006795756 0.975531280 1.193111897
0.963371158 -0.000352731 0.268171310 0.412748545 -0.002287316 0.999951899 0.009532146 0.002812234 -0.268161774 -0.009796387 0.963324070 1.409981608
0.948932588 -0.004074897 0.315452993 0.528720021 -0.001287235 0.999858260 0.016787974 -0.003325321 -0.315476686 -0.016336719 0.948792636 1.617273688
0.931996882 -0.013354685 0.362220049 0.669406414 0.004693276 0.999682009 0.024781389 -0.007459186 -0.362435758 -0.021396182 0.931763113 1.823893666
0.910549045 -0.018569944 0.412983745 0.825324237 0.007255561 0.999554574 0.028948188 -0.004208490 -0.413337439 -0.023362316 0.910278201 2.052021027
0.885082781 -0.019862222 0.465009630 0.992464244 0.005187572 0.999447882 0.032816153 0.000568606 -0.465404749 -0.026632743 0.884697258 2.280319452
0.856873155 -0.022440324 0.515038729 1.184461951 0.003645455 0.999290824 0.037474308 0.003919236 -0.515514493 -0.030233175 0.856347322 2.496384144
0.824344158 -0.026672030 0.565460384 1.365836382 0.003779526 0.999126434 0.041617595 0.007169969 -0.566076517 -0.032170046 0.823724747 2.695546389
0.788263083 -0.032246012 0.614492893 1.595136881 0.005653888 0.998963296 0.045168675 0.007846996 -0.615312397 -0.032130528 0.787628174 2.903855562
0.749599576 -0.035798956 0.660922766 1.840454578 0.005876044 0.998856843 0.047438756 0.018970460 -0.661865532 -0.031676460 0.748953044 3.127822161
0.709534347 -0.038833339 0.703600109 2.113627911 0.006756419 0.998809397 0.048313227 0.031895414 -0.704638660 -0.029526072 0.708951831 3.335319996
0.667037904 -0.040797867 0.743905902 2.401387215 0.005892270 0.998757124 0.049491201 0.045172587 -0.745000482 -0.028629212 0.666449249 3.549994946
0.623924375 -0.040797867 0.780418932 2.728456259 0.000761881 0.998667598 0.051598113 0.060310572 -0.781484306 -0.031598743 0.623124182 3.772928715
0.582126915 -0.040870801 0.812070072 3.076168776 -0.002867255 0.998626471 0.052315399 0.079868913 -0.813092768 -0.032782618 0.581210196 3.989534378
0.541354537 -0.041951973 0.839747190 3.454167843 -0.004810229 0.998583615 0.052988075 0.100612104 -0.840780675 -0.032724712 0.540385902 4.199559212
0.502336979 -0.044132464 0.863544941 3.859389067 -0.006488030 0.998476148 0.054802455 0.117383778 -0.864647567 -0.033132013 0.501285076 4.405178070
0.465397239 -0.043837924 0.884015620 4.289392471 -0.009535507 0.998466432 0.054533519 0.133982405 -0.885050535 -0.033809289 0.464265436 4.603366375
0.428668678 -0.042967141 0.902439475 4.748399734 -0.010742661 0.998555481 0.052646309 0.155955821 -0.903397918 -0.032262430 0.427587777 4.793228149
0.395130187 -0.041639104 0.917680919 5.239020348 -0.009582853 0.998730958 0.049442828 0.178392112 -0.918575108 -0.028330358 0.394229770 4.975838184
0.365421802 -0.039366335 0.930009246 5.763611317 -0.007542528 0.998947442 0.045248039 0.208554655 -0.930811465 -0.023549244 0.364740163 5.155177116
0.340573460 -0.037975915 0.939450681 6.300379276 -0.006192387 0.999071717 0.042630900 0.224780917 -0.940197468 -0.020336399 0.340022177 5.326180458
0.320461094 -0.037564188 0.946516633 6.870092869 -0.004763379 0.999136865 0.041265253 0.246233732 -0.947249711 -0.017732523 0.320005536 5.501533031
0.305830687 -0.037530627 0.951345921 7.471161366 -0.003727776 0.999167919 0.040615581 0.277469546 -0.952078700 -0.015967894 0.305436313 5.684667587
0.293812066 -0.039468255 0.955048084 8.104189873 -0.002639679 0.999109924 0.042101223 0.296330929 -0.955859601 -0.014890864 0.293446332 5.875518322
0.283398807 -0.040940326 0.958127797 8.765894890 -0.004249808 0.999024928 0.043944851 0.322308451 -0.958992720 -0.016525781 0.282948434 6.067956924
0.272892743 -0.042763952 0.961093605 9.442240715 -0.005518879 0.998925626 0.046014316 0.348972112 -0.962028623 -0.017861135 0.272363454 6.255469799
0.262488574 -0.044551406 0.963906050 10.143666267 -0.006619796 0.998826921 0.047968123 0.376695335 -0.964912415 -0.018971946 0.261885643 6.449416161
0.252698183 -0.046593528 0.966422617 10.856230736 -0.007431408 0.998716831 0.050093655 0.402877152 -0.967516601 -0.019840458 0.252027720 6.628108501
0.241963848 -0.047872804 0.969103575 11.622604370 -0.008155923 0.998646557 0.051368546 0.435352594 -0.970250964 -0.020333266 0.241245925 6.823230743
0.232075766 -0.049213987 0.971451938 12.383354187 -0.008016804 0.998588502 0.052503914 0.469019532 -0.972664714 -0.019972827 0.231353685 6.992281914
0.221603364 -0.052336156 0.973731458 13.165097237 -0.009430490 0.998396933 0.055808090 0.501134276 -0.975091338 -0.021550024 0.220754594 7.174612045
0.210052267 -0.055470247 0.976115286 13.960369110 -0.011208423 0.998187006 0.059136484 0.540362537 -0.977625847 -0.023362465 0.209049702 7.356891155
0.197488740 -0.059373252 0.978505492 14.740122795 -0.012372050 0.997933686 0.063049123 0.575597107 -0.980226994 -0.024557609 0.196346089 7.515257835
0.184441954 -0.061132245 0.980940402 15.539085388 -0.013272341 0.997817814 0.064679585 0.617641389 -0.982753694 -0.024949007 0.183228105 7.660557747
0.171037063 -0.061573543 0.983338714 16.346027374 -0.013640603 0.997801661 0.064851753 0.656811714 -0.985170066 -0.024505384 0.169821188 7.792233467
0.155901909 -0.060876995 0.985894859 17.154474258 -0.014475084 0.997850955 0.063904256 0.691946745 -0.987666488 -0.024233699 0.154685676 7.930596352
0.139275312 -0.059747625 0.988449514 17.969282150 -0.015996100 0.997912169 0.062573485 0.732396603 -0.990124464 -0.024526285 0.138028786 8.040727615
0.118921354 -0.058043122 0.991205752 18.790840149 -0.018580403 0.997985005 0.060669318 0.770909250 -0.992729783 -0.025631879 0.117603257 8.136663437
0.092684455 -0.056774732 0.994075537 19.616781235 -0.023575926 0.997968018 0.059195191 0.807150304 -0.995416343 -0.028922729 0.091157630 8.223175049
0.062535688 -0.055997107 0.996470630 20.453151703 -0.026959626 0.997965693 0.057773035 0.842117548 -0.997678578 -0.030477349 0.060898811 8.270697594
0.028402165 -0.055887938 0.998032987 21.274559021 -0.030025849 0.997937500 0.056737073 0.875059605 -0.999145448 -0.031578247 0.026665486 8.300551414
-0.005217511 -0.055601563 0.998439372 22.155614853 -0.031522792 0.997965932 0.055410475 0.902791142 -0.999489367 -0.031184496 -0.006959614 8.285566330
-0.039520808 -0.053885117 0.997764707 23.005506516 -0.032718629 0.998079181 0.052606143 0.939619064 -0.998682916 -0.030566458 -0.041207947 8.248455048
-0.071902998 -0.052268106 0.996041238 23.846567154 -0.034624174 0.998154819 0.049879562 0.962666988 -0.996810496 -0.030900616 -0.073580064 8.174352646
-0.104886457 -0.049381882 0.993257523 24.683111191 -0.036691912 0.998278618 0.045756914 0.986011326 -0.993807137 -0.031645235 -0.106517822 8.090294838
-0.137040332 -0.045250587 0.989531398 25.538894653 -0.033929493 0.998584211 0.040965676 1.001688600 -0.989984214 -0.027960347 -0.138381660 7.962296486
-0.168463737 -0.039332651 0.984922886 26.375911713 -0.028792750 0.998973548 0.034968987 1.020087719 -0.985287309 -0.022467632 -0.169423327 7.800089359
-0.198757425 -0.032960586 0.979494393 27.203325272 -0.022003589 0.999332428 0.029163223 1.031584501 -0.979801655 -0.015755976 -0.199350014 7.612828732
-0.227647290 -0.027136069 0.973365545 28.028295517 -0.014973744 0.999590933 0.024365192 1.036633492 -0.973628402 -0.009028256 -0.227960497 7.402383804
-0.254961193 -0.020991549 0.966723382 28.829912186 -0.007416791 0.999777377 0.019753201 1.037239075 -0.966922820 -0.002133686 -0.255060107 7.170682430
-0.281249851 -0.010578969 0.959576249 29.636245728 -0.001365014 0.999942601 0.010623910 1.030507326 -0.959633648 0.001678139 -0.281248093 6.915101528
-0.306398422 0.004949154 0.951890528 30.423595428 0.003009291 0.999986529 -0.004230577 1.016405106 -0.951898754 0.001568273 -0.306409180 6.648540497
-0.330858946 0.022244932 0.943418086 31.201303482 0.004118365 0.999746680 -0.022128787 0.993592680 -0.943671346 -0.003436168 -0.330866724 6.364398003
-0.356181383 0.036977161 0.933684886 31.979148865 0.004210838 0.999270082 -0.037968215 0.961560726 -0.934407353 -0.009591976 -0.356077105 6.064771652
-0.380583882 0.047147322 0.923543692 32.740840912 0.008013569 0.998830080 -0.047688410 0.914820433 -0.924711585 -0.010748560 -0.380516499 5.739920616
-0.403700739 0.051561609 0.913436890 33.492153168 0.011414706 0.998616695 -0.051325008 0.866150737 -0.914819777 -0.010293331 -0.403730899 5.387295723
-0.426624477 0.051053949 0.902986705 34.244678497 0.014560089 0.998663783 -0.049584385 0.812205553 -0.904311657 -0.008006344 -0.426797807 5.038146973
-0.446795344 0.046665002 0.893418312 34.976375580 0.017696846 0.998904228 -0.043324623 0.758082867 -0.894461095 -0.003546550 -0.447131604 4.658131599
-0.464577079 0.045417845 0.884367168 35.695396423 0.025539864 0.998955727 -0.037886050 0.708108306 -0.885164320 0.004985630 -0.465251923 4.263730049
-0.478001714 0.045721840 0.877168000 36.399238586 0.027643459 0.998932660 -0.037004787 0.661019087 -0.877923787 0.006559608 -0.478755474 3.868041039
-0.488988549 0.049999304 0.870855987 37.092369080 0.032142848 0.998710692 -0.039291624 0.610226154 -0.871697724 0.008778640 -0.489965141 3.468948364
-0.498931289 0.052256141 0.865064681 37.779022217 0.032495089 0.998606622 -0.041581295 0.565259933 -0.866032064 0.007364139 -0.499934137 3.069334030
-0.509618163 0.051910501 0.858833432 38.474975586 0.027300281 0.998651266 -0.044161979 0.513174772 -0.859967470 0.000940642 -0.510348082 2.663822174
-0.520657659 0.050497018 0.852270901 39.160594940 0.026891226 0.998723984 -0.042746343 0.463919163 -0.853341877 0.000662400 -0.521351278 2.249792099
-0.529303432 0.051992998 0.846838057 39.832820892 0.029142715 0.998645782 -0.043098260 0.419423342 -0.847931981 0.001867101 -0.530101776 1.821928024
-0.536824644 0.054673139 0.841920435 40.524353027 0.030722655 0.998503089 -0.045252033 0.383893728 -0.843134284 0.001573625 -0.537700713 1.380273819
-0.540510714 0.057932984 0.839340150 41.220722198 0.032603785 0.998319447 -0.047910161 0.337624550 -0.840705097 0.001469716 -0.541491270 0.935613632
-0.540767491 0.059886996 0.839037418 41.931148529 0.031403620 0.998204410 -0.051007733 0.295898438 -0.840585709 -0.001234517 -0.541677177 0.492622375
-0.537230015 0.060074951 0.841293573 42.630542755 0.033759940 0.998192489 -0.049720470 0.241492271 -0.842759907 0.001690692 -0.538287044 0.039901733
-0.531100750 0.058668830 0.845274985 43.379295349 0.031586386 0.998277426 -0.049442146 0.185204506 -0.846719861 0.000440427 -0.532038867 -0.425981522
-0.524134457 0.057539549 0.849689484 44.140701294 0.029747697 0.998343110 -0.049256127 0.135489345 -0.851115882 -0.000540520 -0.524977624 -0.887517929
-0.516824901 0.057051789 0.854188025 44.916229248 0.028290965 0.998370230 -0.049564414 0.078515172 -0.855623603 -0.001450315 -0.517596543 -1.351715088
-0.510712147 0.055434093 0.857962787 45.706825256 0.025221506 0.998455703 -0.049498133 0.026849627 -0.859381735 -0.003640189 -0.511321604 -1.812967300
-0.506761968 0.053602342 0.860417843 46.510826111 0.020723883 0.998534083 -0.050000921 -0.023618460 -0.861836791 -0.007507367 -0.507129967 -2.272083282
-0.505551457 0.050390292 0.861323774 47.331260681 0.015534990 0.998662829 -0.049306873 -0.079382777 -0.862656653 -0.011546505 -0.505658269 -2.738594055
-0.505725145 0.047524616 0.861384571 48.164329529 0.013385194 0.998793662 -0.047247238 -0.144139647 -0.862590671 -0.012364325 -0.505751193 -3.217277527
-0.506685078 0.046706837 0.860865116 49.006271362 0.012427782 0.998823345 -0.046877161 -0.199795723 -0.862041652 -0.013053313 -0.506669283 -3.705757141
-0.507243574 0.045719329 0.860589147 49.869731903 0.011833657 0.998867154 -0.046090517 -0.257248998 -0.861721456 -0.013195199 -0.507210016 -4.207611084
-0.507462144 0.045283768 0.860483348 50.736755371 0.011783359 0.998889387 -0.045618407 -0.313087702 -0.861593485 -0.013010228 -0.507432163 -4.713764191
-0.507703125 0.044288721 0.860392988 51.614818573 0.012090205 0.998945713 -0.044286493 -0.371368051 -0.861447275 -0.012082068 -0.507703304 -5.224859238
-0.507536411 0.044198148 0.860495985 52.501434326 0.012507049 0.998956144 -0.043933082 -0.432658076 -0.861539543 -0.011535369 -0.507559419 -5.746114731
-0.507840514 0.042660054 0.860394180 53.397872925 0.010325520 0.999002695 -0.043437991 -0.489004970 -0.861389220 -0.013175551 -0.507774591 -6.269969940
-0.507845759 0.041739952 0.860436141 54.278133392 0.009273257 0.999032378 -0.042990040 -0.550801516 -0.861397922 -0.013853265 -0.507741511 -6.781612396
-0.507249892 0.040856916 0.860829890 55.168434143 0.007951872 0.999054968 -0.042731687 -0.612520933 -0.861762285 -0.014830436 -0.507095456 -7.298089981
-0.505971253 0.039296545 0.861654699 56.047412872 0.008155719 0.999134958 -0.040777355 -0.675871611 -0.862511754 -0.013604752 -0.505854070 -7.809543610
-0.503923833 0.037039630 0.862953484 56.939155579 0.008074977 0.999238431 -0.038173836 -0.738553762 -0.863710344 -0.012268372 -0.503839135 -8.322488785
-0.501597226 0.035348330 0.864378750 57.819992065 0.008442108 0.999317288 -0.035967637 -0.800073028 -0.865060091 -0.010744085 -0.501553297 -8.830776215
-0.499200881 0.035347965 0.865764976 58.718433380 0.008054191 0.999313712 -0.036156509 -0.848004341 -0.866448820 -0.011076328 -0.499143034 -9.336570740
-0.497261375 0.035559259 0.866871774 59.599769592 0.008035257 0.999305725 -0.036382481 -0.903068304 -0.867563605 -0.011126066 -0.497201920 -9.836488724
-0.496044874 0.036198862 0.867542148 60.475490570 0.008389637 0.999283791 -0.036898851 -0.958695412 -0.868256390 -0.011025123 -0.495993286 -10.341398239
-0.496871263 0.037588391 0.867009819 61.351551056 0.007921119 0.999216378 -0.038780600 -1.016327620 -0.867788076 -0.012401280 -0.496779680 -10.837306976
-0.499968112 0.039383352 0.865147889 62.222606659 0.006274509 0.999103963 -0.041855283 -1.073416948 -0.866021097 -0.015497928 -0.499767274 -11.330430984
-0.504331172 0.039821930 0.862591565 63.100696564 0.005265443 0.999059319 -0.043043476 -1.134192944 -0.863494277 -0.017166240 -0.504066348 -11.839899063
-0.510167420 0.038317569 0.859221160 63.964282990 0.006888362 0.999157071 -0.040468112 -1.196544528 -0.860047519 -0.014726883 -0.510001361 -12.344129562
-0.515565217 0.035828639 0.856100917 64.816970825 0.008476778 0.999289751 -0.036716301 -1.259576082 -0.856808364 -0.011672672 -0.515502691 -12.859832764
-0.521016538 0.033738103 0.852879465 65.687034607 0.004937261 0.999320924 -0.036514882 -1.306292295 -0.853532314 -0.014813971 -0.520829380 -13.371715546
-0.526214123 0.037153766 0.849540114 66.535224915 0.007512587 0.999209225 -0.039046012 -1.363774300 -0.850318968 -0.014164320 -0.526077092 -13.891994476
-0.531207621 0.038854677 0.846350312 67.377037048 0.007567680 0.999125600 -0.041118540 -1.413781643 -0.847207904 -0.015437578 -0.531037152 -14.413402557
-0.536171257 0.039873786 0.843166947 68.201110840 0.006398317 0.999046981 -0.043176722 -1.470139146 -0.844085038 -0.017755270 -0.535915375 -14.925201416
-0.539564610 0.039966222 0.840995073 69.009071350 0.005227712 0.999012470 -0.044121616 -1.528744698 -0.841927946 -0.019409984 -0.539240718 -15.446041107
-0.542730927 0.039704829 0.838967562 69.814239502 0.006858458 0.999058187 -0.042844485 -1.585951447 -0.839878678 -0.017499007 -0.542492151 -15.969917297
-0.544584930 0.032595236 0.838072062 70.646415710 0.006957250 0.999385655 -0.034348350 -1.635776758 -0.838676929 -0.012874916 -0.544477165 -16.510402679
-0.547439814 0.023274593 0.836521327 71.469032288 0.005590766 0.999692559 -0.024155790 -1.692409039 -0.836826384 -0.008547043 -0.547401607 -17.038936615
-0.549066961 0.022329153 0.835479975 72.280822754 0.006744419 0.999728858 -0.022286547 -1.732641697 -0.835751176 -0.006601976 -0.549068630 -17.568916321
-0.549694002 0.027006358 0.834929407 73.075035095 0.007014861 0.999591231 -0.027714072 -1.777242422 -0.835336685 -0.009377344 -0.549658716 -18.090217590
-0.551656246 0.032855146 0.833424211 73.876617432 0.008221314 0.999389529 -0.033955988 -1.820488214 -0.834031105 -0.011880185 -0.551589429 -18.605897903
-0.551711738 0.036486395 0.833236396 74.651809692 0.014093019 0.999307871 -0.034427032 -1.867128968 -0.833915830 -0.007250979 -0.551844060 -19.135601044
-0.551358581 0.038086843 0.833398521 75.440559387 0.017873399 0.999267340 -0.033842497 -1.917451024 -0.834077001 -0.003763685 -0.551635325 -19.670301437
-0.551169217 0.034754708 0.833669305 76.244583130 0.016262557 0.999389827 -0.030911628 -1.959289432 -0.834235072 -0.003479940 -0.551397979 -20.190578461
-0.550478220 0.029789049 0.834317982 77.033409119 0.014407357 0.999553382 -0.026182840 -1.997726917 -0.834725261 -0.002392763 -0.550661385 -20.708541870
-0.550160110 0.022599185 0.834753335 77.830940247 0.011006584 0.999743104 -0.019811835 -2.040513515 -0.834986627 -0.001711899 -0.550267518 -21.217470169
-0.550236940 0.017049268 0.834834516 78.632209778 0.002421485 0.999819934 -0.018822657 -2.074539423 -0.835005045 -0.008335382 -0.550179124 -21.712911606
-0.548366845 0.012440384 0.836145282 79.428359985 -0.004164150 0.999836385 -0.017606780 -2.105758667 -0.836227536 -0.013136812 -0.548225284 -22.222940445
-0.546311736 0.012821312 0.837483764 80.226249695 -0.001035238 0.999871612 -0.015982674 -2.147341728 -0.837581277 -0.009598520 -0.546228409 -22.745607376
-0.542840600 0.016088404 0.839681625 80.999465942 0.002867042 0.999846101 -0.017303683 -2.177404881 -0.839830816 -0.006985740 -0.542803228 -23.251216888
-0.537365973 0.019396992 0.843126118 81.789665222 0.004760662 0.999789357 -0.019966992 -2.204833746 -0.843335688 -0.006715742 -0.537345052 -23.756820679
-0.529422462 0.021532547 0.848084986 82.578353882 0.009796054 0.999766290 -0.019268425 -2.240075588 -0.848301649 -0.001893251 -0.529509664 -24.255149841
-0.521207511 0.024981564 0.853064179 83.382797241 0.016607523 0.999679148 -0.019128196 -2.272816658 -0.853268325 0.004197522 -0.521455169 -24.761392593
-0.512029290 0.024108920 0.858629584 84.175666809 0.014495432 0.999706209 -0.019426018 -2.306037664 -0.858845651 0.002499519 -0.512228310 -25.214603424
-0.501234412 0.021974636 0.865032494 84.982246399 0.012414232 0.999757290 -0.018203780 -2.335042238 -0.865222514 0.001614355 -0.501385391 -25.671934128
-0.489530742 0.018648298 0.871786475 85.789840698 0.012873951 0.999816895 -0.014157923 -2.369373322 -0.871890962 0.004292596 -0.489681274 -26.119840622
-0.478368402 0.017814355 0.877978563 86.599433899 0.011739358 0.999834538 -0.013890622 -2.395620346 -0.878080845 0.003662070 -0.478498340 -26.557636261
-0.467412591 0.016998557 0.883875847 87.438613892 0.011776735 0.999846041 -0.013001089 -2.419947863 -0.883960843 0.004332299 -0.467540860 -26.983566284
-0.455010146 0.018082069 0.890302658 88.256881714 0.012786829 0.999823332 -0.013771427 -2.447033644 -0.890394449 0.005118008 -0.455161005 -27.403221130
-0.442858636 0.021837635 0.896325469 89.076667786 0.012644653 0.999756038 -0.018110067 -2.484575748 -0.896502376 0.003313527 -0.443026662 -27.806421280
-0.432046890 0.030779243 0.901325762 89.898391724 0.015220040 0.999523818 -0.026836932 -2.520489693 -0.901722789 0.002123401 -0.432309657 -28.188793182
-0.418779999 0.035798050 0.907381773 90.733818054 0.014204467 0.999358594 -0.032870993 -2.550518274 -0.907976627 -0.000876837 -0.419019878 -28.576692581
-0.407569826 0.031441145 0.912632644 91.586616516 0.011314703 0.999504268 -0.029380962 -2.590676546 -0.913103938 -0.001648625 -0.407723457 -28.954961777
-0.395926237 0.027835190 0.917860389 92.428657532 0.009506023 0.999611259 -0.026213875 -2.631661892 -0.918233097 -0.001653559 -0.396036893 -29.311862946
-0.386344284 0.028518779 0.921913683 93.279350281 0.006797387 0.999582767 -0.028072856 -2.676926613 -0.922329485 -0.004579183 -0.386376917 -29.657844543
-0.378904879 0.032971479 0.924848080 94.120376587 0.002773781 0.999401093 -0.034492943 -2.723540545 -0.925431430 -0.010504220 -0.378769368 -29.994981766
-0.373939514 0.038188476 0.926666558 94.961013794 -0.002676510 0.999103308 -0.042253699 -2.766294479 -0.927449346 -0.018280558 -0.373501956 -30.320247650
-0.370710731 0.040257379 0.927875459 95.809288025 -0.004745770 0.998965025 -0.045237772 -2.821001530 -0.928736269 -0.021173608 -0.370135993 -30.646778107
-0.367146730 0.039796591 0.929311454 96.648490906 -0.006445164 0.998951435 -0.045325167 -2.875949383 -0.930140734 -0.022630548 -0.366505235 -30.970294952
-0.362327009 0.039941933 0.931194842 97.485946655 -0.007540878 0.998922884 -0.045781158 -2.927451134 -0.932020545 -0.023609776 -0.361635536 -31.287937164
-0.356162041 0.035312910 0.933756709 98.348686218 -0.010521329 0.999070764 -0.041796114 -2.983891010 -0.934364974 -0.024710543 -0.355459541 -31.612983704
-0.351026654 0.031567786 0.935833156 99.187057495 -0.010482973 0.999236405 -0.037638642 -3.035772324 -0.936306834 -0.023022477 -0.350427717 -31.916957855
-0.345495522 0.028627720 0.937983632 100.041107178 -0.012679528 0.999300897 -0.035169512 -3.086273193 -0.938334703 -0.024044098 -0.344891071 -32.221714020
-0.339852422 0.026686093 0.940100133 100.891296387 -0.021390969 0.999119401 -0.036094416 -3.133093834 -0.940235496 -0.032376427 -0.338982314 -32.508777618
-0.333910704 0.027174165 0.942212880 101.742752075 -0.028269554 0.998845935 -0.038825959 -3.178331852 -0.942180693 -0.039600343 -0.332757205 -32.789718628
-0.326758534 0.031119691 0.944595277 102.593696594 -0.026236193 0.998773932 -0.041980345 -3.232826948 -0.944743574 -0.038500026 -0.325541407 -33.085937500
-0.319614351 0.034639735 0.946914375 103.437530518 -0.024986750 0.998675942 -0.044967104 -3.279955387 -0.947218180 -0.038032442 -0.318325549 -33.367000580
-0.313518226 0.032398511 0.949029267 104.285820007 -0.026445987 0.998732209 -0.042831905 -3.333057880 -0.949213922 -0.038526591 -0.312263876 -33.634872437
-0.306541264 0.027526623 0.951459229 105.142753601 -0.026739273 0.998938203 -0.037515100 -3.382423878 -0.951481700 -0.036941253 -0.305479825 -33.903026581
-0.299587965 0.025052179 0.953739643 106.000587463 -0.027812066 0.999001026 -0.034977376 -3.432638645 -0.953663230 -0.037004270 -0.298591971 -34.163223267
-0.293089777 0.028200973 0.955668926 106.859870911 -0.029920731 0.998804748 -0.038650129 -3.476944447 -0.955616653 -0.039922278 -0.291895628 -34.417194366
-0.286791503 0.030888768 0.957494855 107.713333130 -0.029427234 0.998724341 -0.041032951 -3.527912855 -0.957540929 -0.039944328 -0.285516649 -34.665466309
-0.280010164 0.031294387 0.959486783 108.569496155 -0.031347897 0.998637438 -0.041719668 -3.576830387 -0.959485054 -0.041759823 -0.278647542 -34.904285431
-0.273139238 0.030838784 0.961480081 109.429603577 -0.032032698 0.998640120 -0.041130584 -3.628918171 -0.961441040 -0.042033173 -0.271780014 -35.142780304
-0.264797270 0.030595273 0.963818610 110.288269043 -0.028241860 0.998821735 -0.039465506 -3.679732084 -0.963890433 -0.037670381 -0.263621211 -35.380611420
-0.257306695 0.031948417 0.965801537 111.142402649 -0.025316061 0.998887420 -0.039787542 -3.729122877 -0.965998173 -0.034687892 -0.256211668 -35.605636597
-0.250602216 0.032511272 0.967544079 112.002479553 -0.023669478 0.998931408 -0.039696544 -3.776408195 -0.967800736 -0.032849304 -0.249564901 -35.823436737
-0.244146138 0.031306088 0.969233036 112.871635437 -0.029848224 0.998762608 -0.039778549 -3.824012756 -0.969278932 -0.038641661 -0.242909640 -36.023670197
-0.238105237 0.029116180 0.970802784 113.741989136 -0.034837563 0.998651266 -0.038495887 -3.876246452 -0.970614314 -0.042986490 -0.236769766 -36.227985382
-0.233877376 0.029193314 0.971827745 114.619178772 -0.032440577 0.998758197 -0.037809353 -3.925119400 -0.971724749 -0.040369399 -0.232639894 -36.430770874
-0.229712725 0.029233307 0.972819388 115.490524292 -0.030968919 0.998823106 -0.037327442 -3.975039482 -0.972765565 -0.038701758 -0.228537053 -36.621852875
-0.224208161 0.030926216 0.974050462 116.364608765 -0.029723590 0.998814285 -0.038554288 -4.024815083 -0.974087894 -0.037596464 -0.223023117 -36.831573486
-0.218396053 0.029744118 0.975406826 117.227081299 -0.023687419 0.999079227 -0.035769664 -4.069776535 -0.975572705 -0.030916827 -0.217490390 -37.024433136
-0.213292688 0.028810747 0.976563513 118.101486206 -0.016664758 0.999312341 -0.033121664 -4.111833572 -0.976846218 -0.023338800 -0.212665915 -37.219543457
-0.208063766 0.028066369 0.977712512 118.969154358 -0.014563777 0.999388516 -0.031787872 -4.159816265 -0.978006840 -0.020853089 -0.207527786 -37.400375366
-0.204025164 0.029543094 0.978519797 119.844924927 -0.016833453 0.999290884 -0.033680048 -4.201250553 -0.978820920 -0.023343448 -0.203383163 -37.577457428
-0.200476840 0.031561740 0.979190052 120.726562500 -0.018257212 0.999186993 -0.035944238 -4.244085312 -0.979528308 -0.025083261 -0.199737683 -37.753940582
-0.198366731 0.031135751 0.979633152 121.595146179 -0.021101698 0.999127984 -0.036028255 -4.287004471 -0.979900658 -0.027818732 -0.197536767 -37.923713684
-0.197887331 0.029744530 0.979773402 122.470062256 -0.021249756 0.999174416 -0.034625389 -4.333991528 -0.979994416 -0.027671868 -0.197091922 -38.086277008
-0.197072491 0.025261695 0.980063438 123.346260071 -0.020208504 0.999350846 -0.029822391 -4.376829624 -0.980180681 -0.025682783 -0.196434036 -38.258430481
-0.196185917 0.020066218 0.980361342 124.214714050 -0.021405773 0.999464691 -0.024740864 -4.421016216 -0.980333030 -0.025839202 -0.195651352 -38.427261353
-0.195673600 0.018195752 0.980500281 125.083374023 -0.020924404 0.999522746 -0.022724548 -4.459749222 -0.980445802 -0.024962975 -0.195199490 -38.593406677
-0.194319263 0.022551125 0.980679154 125.929183960 -0.021069683 0.999409080 -0.027156739 -4.500850201 -0.980711997 -0.025939677 -0.193729311 -38.756950378
-0.193749905 0.026380286 0.980696201 126.816589355 -0.020825189 0.999302566 -0.030995086 -4.540751457 -0.980829895 -0.026428476 -0.193065360 -38.936748505
-0.193910182 0.025720416 0.980682075 127.652526855 -0.024266480 0.999224603 -0.031004941 -4.574994087 -0.980719090 -0.029809872 -0.193135694 -39.089794159
-0.193779424 0.024208240 0.980746448 128.503982544 -0.026459372 0.999202847 -0.029891748 -4.622080326 -0.980688155 -0.031742338 -0.192984432 -39.245597839
-0.192860231 0.025729472 0.980888844 129.343917847 -0.021522012 0.999304771 -0.030444145 -4.662023544 -0.980990052 -0.026982166 -0.192172408 -39.414775848
-0.191193730 0.027648799 0.981162906 130.196395874 -0.023653759 0.999183059 -0.032765880 -4.704994202 -0.981267273 -0.029472817 -0.190383554 -39.588119507
-0.191992044 0.029051457 0.980966330 131.030776978 -0.030834472 0.998889685 -0.035617091 -4.746640682 -0.980911970 -0.037085779 -0.190883070 -39.728935242
-0.191076770 0.029967308 0.981117547 131.866180420 -0.036935877 0.998606443 -0.037694905 -4.794729710 -0.980879903 -0.043441061 -0.189703614 -39.880458832
-0.190770239 0.033894494 0.981049299 132.689178467 -0.033131842 0.998611987 -0.040943928 -4.841001987 -0.981075406 -0.040314857 -0.189382464 -40.036804199
-0.190578252 0.035252895 0.981038809 133.507781982 -0.031910539 0.998604417 -0.042083096 -4.888596535 -0.981153250 -0.039325602 -0.189187333 -40.189815521
-0.188537255 0.036140494 0.981400788 134.329376221 -0.033194758 0.998517096 -0.043147862 -4.935872078 -0.981504917 -0.040712349 -0.187057957 -40.344062805
-0.186681494 0.035723701 0.981770635 135.154342651 -0.023638589 0.998885989 -0.040841293 -4.985799789 -0.982136071 -0.030831991 -0.185629085 -40.507755280
-0.182918727 0.032272048 0.982598126 135.972518921 -0.017575325 0.999194026 -0.036088895 -5.037515163 -0.982970893 -0.023870826 -0.182204112 -40.669231415
-0.181240216 0.027310219 0.983059585 136.784744263 -0.014471133 0.999431968 -0.030433007 -5.083085060 -0.983332455 -0.019741673 -0.180742070 -40.816635132
-0.177261844 0.026868118 0.983796895 137.594696045 -0.012706857 0.999481440 -0.029586012 -5.128000259 -0.984081686 -0.017745439 -0.176828548 -40.967124939
-0.171965837 0.031869043 0.984587252 138.396362305 -0.011069360 0.999350905 -0.034280263 -5.172775269 -0.985040665 -0.016793786 -0.171501458 -41.111083984
-0.165882573 0.034606300 0.985538065 139.189636230 -0.010602316 0.999263644 -0.036872804 -5.216852665 -0.986088455 -0.016565543 -0.165393531 -41.234611511
-0.157955438 0.035567440 0.986805499 139.988800049 -0.010545462 0.999233246 -0.037703358 -5.251934052 -0.987389982 -0.016361769 -0.157459289 -41.355003357
-0.148052514 0.031099373 0.988490403 140.789794922 -0.008308110 0.999431074 -0.032687947 -5.295407772 -0.988944530 -0.013052016 -0.147709921 -41.474151611
-0.136170834 0.029683011 0.990240633 141.582885742 -0.004839141 0.999519229 -0.030626588 -5.337223530 -0.990673542 -0.008962362 -0.135961726 -41.581619263
-0.122475907 0.032478929 0.991939902 142.370376587 -0.001810955 0.999455392 -0.032948598 -5.368722916 -0.992469847 -0.005831768 -0.122350387 -41.674819946
-0.108356245 0.033589460 0.993544519 143.156936646 -0.002271132 0.999418080 -0.034035709 -5.406476498 -0.994109571 -0.005944453 -0.108216889 -41.755214691
-0.094416760 0.033571433 0.994966567 143.952697754 -0.001355875 0.999426007 -0.033850573 -5.445075035 -0.995531857 -0.004545112 -0.094317041 -41.830478668
-0.080941364 0.035402950 0.996089995 144.733230591 -0.000528207 0.999367356 -0.035562363 -5.486301899 -0.996718705 -0.003404608 -0.080871478 -41.889282227
-0.067275770 0.041539140 0.996869266 145.508316040 -0.004288288 0.999111652 -0.041921977 -5.532324314 -0.997725189 -0.007095196 -0.067037866 -41.932903290
-0.054776073 0.050776470 0.997206688 146.271148682 -0.011277771 0.998610914 -0.051467456 -5.576466560 -0.998434961 -0.014065453 -0.054127336 -41.956840515
-0.040851973 0.058835380 0.997431457 147.037078857 -0.015329996 0.998110354 -0.059503302 -5.622671604 -0.999047577 -0.017721446 -0.039872833 -41.975643158
-0.027784415 0.059620023 0.997834504 147.800430298 -0.016028691 0.998064816 -0.060080111 -5.672921181 -0.999485433 -0.017663270 -0.026775021 -41.987545013
-0.015626319 0.055683549 0.998326182 148.579025269 -0.019439548 0.998242378 -0.055983160 -5.728876114 -0.999689043 -0.020281820 -0.014516391 -41.992824554
-0.005205122 0.053236701 0.998568356 149.343002319 -0.023401093 0.998301923 -0.053344477 -5.786602020 -0.999712586 -0.023645256 -0.003950488 -41.981384277
0.003633940 0.059522390 0.998220325 150.099594116 -0.027805177 0.997847021 -0.059398912 -5.847348213 -0.999606729 -0.027539842 0.005281148 -41.964488983
0.010322863 0.067515761 0.997664809 150.845855713 -0.031162845 0.997255027 -0.067165598 -5.900202751 -0.999460936 -0.030396732 0.012398512 -41.945396423
0.013598577 0.070204489 0.997439861 151.596954346 -0.033704437 0.996997416 -0.069713823 -5.956558704 -0.999339461 -0.032670140 0.015923947 -41.930397034
0.013460884 0.065670766 0.997750521 152.351684570 -0.036145791 0.997220755 -0.065148234 -6.015383244 -0.999255896 -0.035187531 0.015797194 -41.911926270
0.011728717 0.061237175 0.998054326 153.109741211 -0.037880395 0.997433722 -0.060753934 -6.081316948 -0.999213457 -0.037094120 0.014018305 -41.897171021
0.008960905 0.058314890 0.998257935 153.858734131 -0.036463767 0.997653246 -0.057952229 -6.135267258 -0.999294817 -0.035880946 0.011066256 -41.889942169
0.006093514 0.058744136 0.998254538 154.597259521 -0.034900580 0.997677326 -0.058497131 -6.185545921 -0.999372244 -0.034483209 0.008129565 -41.883117676
0.002494611 0.058855142 0.998263419 155.355224609 -0.033174798 0.997721910 -0.058740314 -6.242534637 -0.999446452 -0.032970656 0.004441436 -41.882961273
-0.002360573 0.057388831 0.998349190 156.094894409 -0.034009054 0.997769713 -0.057435945 -6.297689438 -0.999418676 -0.034088500 -0.000403568 -41.877162933
-0.007824078 0.057857502 0.998294234 156.830581665 -0.034551989 0.997713029 -0.058094617 -6.345816612 -0.999372363 -0.034947585 -0.005807092 -41.876369476
-0.013940030 0.055907506 0.998338580 157.572860718 -0.036401786 0.997745335 -0.056382574 -6.398913860 -0.999239981 -0.037127290 -0.011873467 -41.882942200
-0.018989637 0.053465668 0.998389125 158.320480347 -0.033739213 0.997966170 -0.054084752 -6.454094410 -0.999250174 -0.034711909 -0.017147126 -41.906803131
-0.024515938 0.053572513 0.998262882 159.051712036 -0.034798667 0.997912169 -0.054408301 -6.501626492 -0.999093533 -0.036072083 -0.022600502 -41.919803619
-0.030046966 0.055019870 0.998033106 159.774124146 -0.036902525 0.997742176 -0.056114830 -6.550109863 -0.998867035 -0.038516015 -0.027948752 -41.931484222
-0.033690155 0.057219069 0.997793019 160.507308960 -0.036588717 0.997619927 -0.058444541 -6.607607841 -0.998762369 -0.038476981 -0.031516396 -41.956745148
-0.035975266 0.059111580 0.997602880 161.226791382 -0.036423951 0.997508228 -0.060419489 -6.663448811 -0.998688757 -0.038510248 -0.033732548 -41.983463287
-0.037319627 0.060657654 0.997460663 161.939651489 -0.033635557 0.997514248 -0.061919369 -6.716075897 -0.998737097 -0.035860956 -0.035186607 -42.012493134
-0.036660273 0.059342362 0.997564256 162.667633057 -0.030805428 0.997693896 -0.060482163 -6.769063950 -0.998852849 -0.032947686 -0.034747653 -42.040115356
-0.032702625 0.055704642 0.997911572 163.388259888 -0.027574982 0.998015285 -0.056614093 -6.824356556 -0.999084651 -0.029368816 -0.031101666 -42.065467834
-0.025024097 0.055180486 0.998162746 164.090255737 -0.026587192 0.998085558 -0.055842765 -6.880870819 -0.999333143 -0.027935760 -0.023509096 -42.080963135
-0.014210120 0.056493420 0.998301864 164.784439087 -0.024169419 0.998091519 -0.056825560 -6.928810120 -0.999606907 -0.024935871 -0.012817586 -42.080169678
0.000208903 0.056353565 0.998410821 165.478057861 -0.022223786 0.998164535 -0.056335010 -6.979849339 -0.999752998 -0.022176692 0.001460910 -42.075580597
0.016041482 0.054104216 0.998406291 166.161087036 -0.022387611 0.998304009 -0.053738955 -7.028719902 -0.999620676 -0.021489883 0.017225537 -42.064018250
0.032036461 0.048923723 0.998288572 166.844375610 -0.027257899 0.998472631 -0.048057992 -7.076320648 -0.999114990 -0.025671642 0.033321090 -42.023895264
0.048164926 0.042521965 0.997933865 167.526687622 -0.028570790 0.998743236 -0.041177489 -7.117210865 -0.998430610 -0.026528452 0.049319286 -41.976341248
0.065535419 0.035456274 0.997220099 168.207519531 -0.028812412 0.999019206 -0.033626735 -7.152436256 -0.997434199 -0.026528578 0.066492699 -41.924800873
0.083237305 0.028034413 0.996135294 168.879150391 -0.029136594 0.999245405 -0.025687270 -7.184892654 -0.996103704 -0.026885856 0.083991297 -41.858707428
0.100489348 0.022127334 0.994692028 169.540634155 -0.030755522 0.999343991 -0.019123718 -7.215841293 -0.994462788 -0.028670540 0.101103947 -41.779342651
0.117999449 0.019910727 0.992814124 170.179977417 -0.032114744 0.999352515 -0.016224906 -7.244394302 -0.992494226 -0.029969439 0.118562490 -41.688224792
0.135608092 0.018438973 0.990590930 170.823684692 -0.030659225 0.999426126 -0.014406303 -7.266672134 -0.990288079 -0.028417137 0.136095598 -41.588264465
0.153047532 0.018051418 0.988053977 171.466354370 -0.031528775 0.999413371 -0.013375208 -7.283962250 -0.987715781 -0.029105090 0.153526902 -41.474685669
0.169109046 0.017131530 0.985448420 172.079650879 -0.037128527 0.999249935 -0.010999977 -7.304498672 -0.984897673 -0.034728054 0.169618294 -41.354690552
0.183961049 0.013373264 0.982842505 172.708923340 -0.039146878 0.999213815 -0.006268805 -7.323130608 -0.982153654 -0.037322000 0.184339955 -41.224151611
0.195501894 0.009627298 0.980656087 173.328674316 -0.035478637 0.999366701 -0.002738026 -7.337505341 -0.980061352 -0.034257054 0.195719615 -41.092384338
0.206482098 0.008500808 0.978413463 173.943618774 -0.033451274 0.999439120 -0.001624006 -7.351741791 -0.977878392 -0.032393850 0.206650615 -40.960060120
0.216312125 0.012491866 0.976244330 174.545989990 -0.038125306 0.999263525 -0.004338771 -7.366942883 -0.975579560 -0.036281087 0.216629058 -40.811866760
0.225499585 0.019395549 0.974050164 175.138198853 -0.041990884 0.999066114 -0.010172486 -7.384867668 -0.973337829 -0.038607333 0.226103455 -40.660018921
0.234454408 0.029225281 0.971687615 175.722488403 -0.041605908 0.998933733 -0.020005843 -7.403349876 -0.971236348 -0.035737488 0.235420361 -40.514247894
0.242804945 0.034656681 0.969455898 176.314941406 -0.036122557 0.998991489 -0.026665477 -7.422306538 -0.969402373 -0.028544715 0.243811935 -40.368904114
0.248850822 0.032891467 0.967983246 176.917724609 -0.036067367 0.999044657 -0.024674656 -7.438512325 -0.967870057 -0.028772300 0.249799401 -40.202117920
0.255059361 0.025851462 0.966579795 177.519638062 -0.039017100 0.999103487 -0.016425557 -7.451493263 -0.966137886 -0.033523642 0.255839348 -40.036594391
0.259286046 0.015124874 0.965682089 178.137695312 -0.043179549 0.999059081 -0.004053904 -7.473644733 -0.964834809 -0.040646605 0.259695292 -39.859951019
0.261078805 0.007118726 0.965291262 178.744247437 -0.043286033 0.999053240 0.004339704 -7.490429878 -0.964346528 -0.042916629 0.261139840 -39.686393738
0.262183011 0.006286557 0.964997649 179.344924927 -0.040382344 0.999174356 0.004462397 -7.505482197 -0.964172840 -0.040138837 0.262220472 -39.524478912
0.263360351 0.008385713 0.964661062 179.948287964 -0.036902241 0.999317884 0.001387628 -7.512718678 -0.963991463 -0.035963591 0.263490170 -39.364212036
0.265550077 0.007727704 0.964066088 180.554870605 -0.033315558 0.999444187 0.001165421 -7.518462181 -0.963521183 -0.032427877 0.265659958 -39.204635620
0.267108440 0.005685566 0.963649690 181.164154053 -0.035409674 0.999365211 0.003918713 -7.517319679 -0.963015735 -0.035169244 0.267140210 -39.027427673
0.269631892 0.002041113 0.962961257 181.772354126 -0.035605326 0.999335051 0.007851383 -7.524417877 -0.962305009 -0.036403533 0.269525260 -38.848251343
0.272444665 -0.003013400 0.962166727 182.380523682 -0.035073351 0.999299407 0.013060975 -7.533313751 -0.961531997 -0.037304804 0.272148073 -38.669216156
0.276828825 -0.005551099 0.960903227 183.002517700 -0.033597115 0.999316037 0.015452077 -7.530996799 -0.960331678 -0.036561158 0.276452988 -38.489795685
0.282744288 -0.007828796 0.959163368 183.610992432 -0.031849768 0.999338567 0.017545452 -7.527428150 -0.958666444 -0.035510004 0.282307923 -38.298885345
0.290788144 -0.011368072 0.956719995 184.238830566 -0.030191604 0.999322474 0.021050807 -7.531167030 -0.956311047 -0.035006233 0.290247858 -38.105056763
0.301053792 -0.013233712 0.953515351 184.851562500 -0.027349548 0.999372542 0.022505241 -7.532278061 -0.953214884 -0.032853495 0.300502926 -37.919242859
0.312227428 -0.011207435 0.949941278 185.468063354 -0.028838947 0.999357700 0.021269258 -7.531924248 -0.949569583 -0.034036148 0.311703652 -37.706768036
0.323448181 -0.007499139 0.946216226 186.077758789 -0.030061362 0.999382377 0.018196475 -7.530447960 -0.945768237 -0.034330159 0.323022902 -37.484569550
0.335255444 -0.004200917 0.942117929 186.691909790 -0.030989757 0.999399781 0.015484137 -7.523802757 -0.941617429 -0.034387153 0.334924012 -37.257427216
0.346959770 -0.003892959 0.937872052 187.311889648 -0.029780380 0.999441504 0.015165586 -7.518945694 -0.937407076 -0.033192035 0.346650034 -37.023059845
0.358676016 -0.006459077 0.933439732 187.942581177 -0.028948609 0.999418139 0.018039187 -7.509799004 -0.933013022 -0.033492010 0.358280420 -36.781902313
