1.000000000 0.000000000 -0.000000000 -0.000000030 0.000000000 1.000000000 0.000000000 0.000000002 -0.000000000 0.000000000 0.999999940 -0.000000119
0.999997675 -0.001590766 -0.001436191 -0.002486005 0.001589389 0.999998271 -0.000959616 -0.007346583 0.001437714 0.000957331 0.999998450 0.564133763
0.999995530 -0.001801361 -0.002399015 -0.007945596 0.001795093 0.999994993 -0.002612739 -0.017237553 0.002403709 0.002608420 0.999993622 1.119475484
0.999986529 -0.002517803 -0.004542467 -0.009047071 0.002501709 0.999990582 -0.003545363 -0.035184491 0.004551351 0.003533951 0.999983311 1.684669971
0.999970019 -0.004393461 -0.006379202 -0.019868761 0.004358368 0.999975324 -0.005504644 -0.041704241 0.006403229 0.005476676 0.999964416 2.252097368
0.999953389 -0.006567736 -0.007080386 -0.039256953 0.006514843 0.999950945 -0.007467798 -0.058629856 0.007129082 0.007421322 0.999947011 2.799578428
0.999933064 -0.007789708 -0.008556478 -0.047192946 0.007720899 0.999937952 -0.008045374 -0.073425747 0.008618617 0.007978773 0.999931037 3.373666525
0.999920785 -0.007773546 -0.009898143 -0.058990683 0.007700103 0.999942660 -0.007436447 -0.085879803 0.009955384 0.007359642 0.999923348 3.952943802
0.999907136 -0.008309560 -0.010802365 -0.070947640 0.008225176 0.999935448 -0.007832718 -0.099637292 0.010866757 0.007743140 0.999911010 4.550289154
0.999896944 -0.007660844 -0.012140010 -0.078322396 0.007533019 0.999916077 -0.010540077 -0.116343051 0.012219735 0.010447538 0.999870718 5.149518490
0.999891877 -0.006027244 -0.013417440 -0.091997512 0.005834367 0.999879718 -0.014368005 -0.130844399 0.013502425 0.014288167 0.999806702 5.756049633
0.999880195 -0.004887187 -0.014687078 -0.109563679 0.004623652 0.999828696 -0.017923947 -0.144881234 0.014772156 0.017853890 0.999731481 6.369137764
0.999868870 -0.002733257 -0.015962079 -0.124408558 0.002444690 0.999833763 -0.018069912 -0.157882005 0.016008815 0.018028520 0.999709308 6.999802589
0.999853492 -0.000480512 -0.017110677 -0.135449901 0.000291146 0.999938667 -0.011067910 -0.169233978 0.017114950 0.011061303 0.999792337 7.637706757
0.999845386 0.000478255 -0.017578157 -0.153971016 -0.000483405 0.999999940 -0.000288722 -0.184199736 0.017578013 0.000297174 0.999845445 8.295951843
0.999827921 0.001257955 -0.018507790 -0.171713233 -0.001141392 0.999979496 0.006307237 -0.194615021 0.018515341 -0.006285027 0.999808908 8.981069565
0.999786198 0.003367834 -0.020401267 -0.181637377 -0.003268787 0.999982774 0.004886299 -0.204744563 0.020417368 -0.004818566 0.999779940 9.677449226
0.999764144 0.005308319 -0.021058679 -0.205194980 -0.005358917 0.999982893 -0.002347021 -0.210422412 0.021045856 0.002459321 0.999775529 10.368521690
0.999739528 0.004989960 -0.022274770 -0.224565163 -0.005173522 0.999953091 -0.008190801 -0.211250320 0.022232849 0.008303907 0.999718308 11.080297470
0.999721706 0.002564683 -0.023453709 -0.239414468 -0.002720415 0.999974430 -0.006610477 -0.213016585 0.023436151 0.006672442 0.999703050 11.816802979
0.999728084 0.002068192 -0.023228826 -0.274259716 -0.001999910 0.999993563 0.002962457 -0.230276570 0.023234801 -0.002915197 0.999725699 12.591824532
0.999726117 0.001623475 -0.023344602 -0.298894823 -0.001381664 0.999945223 0.010370719 -0.234451517 0.023360154 -0.010335624 0.999673605 13.367145538
0.999713182 0.000839979 -0.023939656 -0.321762711 -0.000535638 0.999918938 0.012716431 -0.235853657 0.023948392 -0.012699958 0.999632537 14.154655457
0.999709904 -0.000996966 -0.024067223 -0.340464562 0.001280789 0.999929845 0.011780444 -0.235937029 0.024053784 -0.011807851 0.999640882 14.960889816
0.999718547 -0.001488436 -0.023678878 -0.358363926 0.001712222 0.999954045 0.009433411 -0.239326566 0.023663750 -0.009471299 0.999675095 15.789241791
0.999733746 0.001054827 -0.023053775 -0.384380698 -0.000917359 0.999981761 0.005972696 -0.236935556 0.023059653 -0.005949956 0.999716401 16.627277374
0.999749660 -0.002167695 -0.022274056 -0.403087974 0.002177068 0.999997616 0.000396564 -0.244002998 0.022273138 -0.000444955 0.999751866 17.481391907
0.999752104 -0.005158863 -0.021659728 -0.415589005 0.005038618 0.999971628 -0.005602485 -0.254972339 0.021688011 0.005491961 0.999749780 18.345264435
0.999778092 -0.003476350 -0.020777006 -0.432467997 0.003244841 0.999932408 -0.011165905 -0.268843412 0.020814417 0.011096007 0.999721885 19.277898788
0.999788880 -0.002283828 -0.020422708 -0.458900094 0.002038475 0.999925613 -0.012026496 -0.283301830 0.020448657 0.011982325 0.999719143 20.183597565
0.999770880 -0.002271954 -0.021283617 -0.474003971 0.002027849 0.999931991 -0.011483707 -0.301512897 0.021308256 0.011437914 0.999707580 21.122343063
0.999781966 -0.000700936 -0.020866768 -0.505824208 0.000434837 0.999918520 -0.012754077 -0.326456368 0.020874003 0.012742221 0.999700963 22.058258057
0.999772072 0.003603584 -0.021041691 -0.528555930 -0.003914039 0.999883890 -0.014731828 -0.349495947 0.020986155 0.014810829 0.999670088 22.977989197
0.999748886 0.006850915 -0.021334277 -0.555381775 -0.007187025 0.999850690 -0.015717877 -0.370721817 0.021223404 0.015867259 0.999648869 23.942987442
0.999735296 0.008698974 -0.021300679 -0.587541997 -0.009031664 0.999838054 -0.015572614 -0.397801906 0.021161759 0.015760874 0.999651849 24.919809341
0.999725401 0.009935852 -0.021225305 -0.619578600 -0.010270299 0.999824047 -0.015706463 -0.423770189 0.021065509 0.015920140 0.999651313 25.898115158
0.999724150 0.009206195 -0.021607650 -0.635484695 -0.009546175 0.999831557 -0.015684219 -0.449153304 0.021459613 0.015886161 0.999643564 26.874929428
0.999718666 0.011093046 -0.020965336 -0.696312070 -0.011397558 0.999830484 -0.014461431 -0.481624305 0.020801360 0.014696316 0.999675512 27.853429794
0.999705553 0.011745818 -0.021234589 -0.722295284 -0.012011182 0.999850750 -0.012412672 -0.507890165 0.021085624 0.012664067 0.999697387 28.873191833
0.999693811 0.012292674 -0.021479476 -0.748938382 -0.012530304 0.999861419 -0.010963757 -0.538355589 0.021341728 0.011229543 0.999709070 29.888700485
0.999685049 0.012794390 -0.021591512 -0.774819195 -0.013056563 0.999842227 -0.012045402 -0.562335253 0.021433994 0.012323518 0.999694228 30.927057266
0.999652267 0.014103244 -0.022284694 -0.803440392 -0.014400057 0.999809027 -0.013215317 -0.587871850 0.022094056 0.013531621 0.999664307 31.963193893
0.999647737 0.013642971 -0.022769304 -0.831171274 -0.013924542 0.999827981 -0.012253766 -0.614993811 0.022598211 0.012566498 0.999665618 32.997570038
0.999634981 0.013362233 -0.023482393 -0.858329952 -0.013595830 0.999859393 -0.009816417 -0.637541413 0.023347920 0.010132096 0.999676049 34.052612305
0.999634922 0.013566424 -0.023366518 -0.901073694 -0.013715755 0.999886513 -0.006242518 -0.662381470 0.023279173 0.006560728 0.999707520 35.100059509
0.999639809 0.012609553 -0.023694349 -0.934314847 -0.012706902 0.999911427 -0.003962376 -0.685933709 0.023642283 0.004262029 0.999711514 36.192443848
0.999626338 0.012913789 -0.024096822 -0.966671765 -0.013003291 0.999909103 -0.003561179 -0.703020632 0.024048641 0.003873186 0.999703348 37.264690399
0.999618232 0.012249258 -0.024770778 -0.995990694 -0.012370986 0.999912202 -0.004766836 -0.727121592 0.024710204 0.005071455 0.999681771 38.353050232
0.999587357 0.012793938 -0.025721956 -1.027532101 -0.012932836 0.999902606 -0.005240829 -0.748240829 0.025652396 0.005571323 0.999655426 39.430435181
0.999572992 0.012600370 -0.026369035 -1.061690807 -0.012710631 0.999911129 -0.004017977 -0.771217108 0.026316063 0.004351427 0.999644339 40.528331757
0.999546766 0.013351836 -0.026984394 -1.100300074 -0.013415514 0.999907553 -0.002180082 -0.787211418 0.026952790 0.002541103 0.999633551 41.615077972
0.999550462 0.012669967 -0.027176233 -1.143206477 -0.012656995 0.999919653 0.000649331 -0.814874887 0.027182275 -0.000305070 0.999630451 42.706707001
0.999517322 0.014378615 -0.027542083 -1.185617208 -0.014367775 0.999896586 0.000591426 -0.837524593 0.027547738 -0.000195422 0.999620557 43.783115387
0.999476075 0.016207606 -0.028018491 -1.219497323 -0.016324325 0.999858975 -0.003942072 -0.846678495 0.027950641 0.004397389 0.999599636 44.862388611
0.999460578 0.017274026 -0.027933743 -1.257778049 -0.017502414 0.999815226 -0.007952500 -0.868834198 0.027791204 0.008437117 0.999578178 45.944194794
0.999444604 0.017874971 -0.028127206 -1.293297291 -0.018114649 0.999801576 -0.008289689 -0.892747045 0.027973440 0.008794597 0.999570012 47.023712158
0.999438882 0.018429266 -0.027973251 -1.330919981 -0.018589484 0.999812186 -0.005478331 -0.919820964 0.027867036 0.005995265 0.999593675 48.118675232
0.999445498 0.018853338 -0.027448267 -1.386026382 -0.018953593 0.999814630 -0.003396824 -0.951971769 0.027379129 0.003915183 0.999617338 49.247909546
0.999475837 0.017433343 -0.027282437 -1.421588898 -0.017504232 0.999844074 -0.002361520 -0.971979380 0.027237007 0.002837840 0.999624848 50.336475372
0.999477983 0.017382162 -0.027236234 -1.450648189 -0.017463919 0.999843717 -0.002766713 -1.000176549 0.027183879 0.003240919 0.999625087 51.426464081
0.999518752 0.016406922 -0.026326219 -1.503654003 -0.016539656 0.999851525 -0.004832040 -1.017460704 0.026243035 0.005265140 0.999641716 52.524734497
0.999529600 0.016086191 -0.026114378 -1.529964328 -0.016267486 0.999844909 -0.006744680 -1.041394949 0.026001835 0.007166322 0.999636173 53.613208771
0.999540329 0.015672768 -0.025950976 -1.564941645 -0.015920471 0.999829352 -0.009366239 -1.071460009 0.025799755 0.009775086 0.999619305 54.718975067
0.999563396 0.013813547 -0.026120847 -1.594897509 -0.014150875 0.999818325 -0.012773734 -1.101595402 0.025939651 0.013137788 0.999577105 55.787719727
0.999582648 0.012234949 -0.026170840 -1.621802926 -0.012622334 0.999812484 -0.014688578 -1.130294442 0.025986217 0.015012783 0.999549568 56.874477386
0.999612868 0.010462891 -0.025778219 -1.649757743 -0.010779753 0.999867678 -0.012183740 -1.163750291 0.025647329 0.012456908 0.999593377 57.954593658
0.999635398 0.008699087 -0.025563678 -1.679099083 -0.008867119 0.999939799 -0.006467090 -1.187606692 0.025505878 0.006691407 0.999652386 59.050846100
0.999651968 0.007226428 -0.025374593 -1.707817793 -0.007237481 0.999973774 -0.000343755 -1.210901737 0.025371442 0.000527285 0.999678016 60.143943787
0.999674916 0.006007132 -0.024777250 -1.743369579 -0.006002743 0.999981999 0.000251535 -1.230799913 0.024778314 -0.000102721 0.999692917 61.246391296
0.999679804 0.002742879 -0.025154792 -1.764928937 -0.002814578 0.999992132 -0.002815392 -1.247093678 0.025146866 0.002885290 0.999679625 62.340797424
0.999700844 0.001185183 -0.024427878 -1.803340673 -0.001339986 0.999979138 -0.006321740 -1.265066624 0.024419868 0.006352581 0.999681592 63.425388336
0.999680221 0.003580604 -0.025033761 -1.827134848 -0.003826515 0.999944866 -0.009782171 -1.303861976 0.024997355 0.009874833 0.999638736 64.515686035
0.999672532 0.003395716 -0.025364609 -1.852831006 -0.003751485 0.999895096 -0.013991818 -1.330021739 0.025314437 0.014082391 0.999580324 65.608383179
0.999667645 0.006844537 -0.024857605 -1.889042497 -0.007209883 0.999866962 -0.014637783 -1.362079263 0.024754111 0.014812138 0.999583840 66.698730469
0.999676406 0.010221232 -0.023295974 -1.938675165 -0.010484264 0.999882460 -0.011196815 -1.392593384 0.023178786 0.011437433 0.999665856 67.797996521
0.999664962 0.011386387 -0.023243221 -1.970074654 -0.011595718 0.999893188 -0.008891241 -1.421368837 0.023139503 0.009157782 0.999690235 68.894081116
0.999676526 0.010450141 -0.023191711 -1.997331381 -0.010643370 0.999909580 -0.008224020 -1.446455359 0.023103669 0.008468196 0.999697149 69.982765198
0.999680579 0.009518649 -0.023419239 -2.024765253 -0.009694817 0.999925494 -0.007420351 -1.478936672 0.023346864 0.007645025 0.999698162 71.084068298
0.999691784 0.008405888 -0.023361348 -2.057902336 -0.008540715 0.999947488 -0.005677644 -1.510461926 0.023312394 0.005875416 0.999710977 72.173591614
0.999692440 0.006748871 -0.023867493 -2.086386919 -0.006845966 0.999968648 -0.003988700 -1.531586528 0.023839826 0.004150868 0.999707162 73.276077271
0.999679625 0.005758458 -0.024645986 -2.113707066 -0.005812739 0.999980807 -0.002131361 -1.559600353 0.024633242 0.002273939 0.999693930 74.359321594
0.999691248 0.004984817 -0.024340101 -2.153472900 -0.005056574 0.999983072 -0.002887423 -1.588243961 0.024325294 0.003009609 0.999699533 75.443130493
0.999659956 0.005356307 -0.025517808 -2.182785988 -0.005539614 0.999959290 -0.007118262 -1.614561081 0.025478642 0.007257200 0.999648988 76.536949158
0.999632895 0.005999643 -0.026421411 -2.213160038 -0.006245316 0.999937892 -0.009225581 -1.639502764 0.026364421 0.009387203 0.999608278 77.616859436
0.999607027 0.007827902 -0.026918223 -2.251898766 -0.008032301 0.999939680 -0.007493619 -1.666730165 0.026857939 0.007706888 0.999609470 78.699462891
0.999578059 0.009125728 -0.027575057 -2.290059805 -0.009221610 0.999951899 -0.003352002 -1.688571572 0.027543139 0.003604874 0.999614060 79.774093628
0.999553323 0.010021263 -0.028156137 -2.319036245 -0.010003881 0.999949634 0.000758223 -1.716248989 0.028162319 -0.000476213 0.999603152 80.858947754
0.999523938 0.011344790 -0.028694035 -2.359642744 -0.011314762 0.999935210 0.001208760 -1.733334541 0.028705893 -0.000883518 0.999587417 81.929519653
0.999507487 0.011179147 -0.029324736 -2.396512270 -0.011217300 0.999936461 -0.001136789 -1.749290466 0.029310159 0.001465174 0.999569297 82.995147705
0.999500930 0.010938924 -0.029636797 -2.438783646 -0.010986981 0.999938607 -0.001459278 -1.777386308 0.029619014 0.001784169 0.999559641 84.082473755
0.999492586 0.010175765 -0.030183820 -2.471751213 -0.010225738 0.999946594 -0.001501802 -1.800851345 0.030166926 0.001809691 0.999543190 85.139167786
0.999475896 0.008828558 -0.031144474 -2.506742954 -0.008874009 0.999959826 -0.001321515 -1.818840981 0.031131558 0.001597199 0.999513924 86.178878784
0.999462187 0.007725127 -0.031869851 -2.537660599 -0.007733423 0.999970138 -0.000137025 -1.838183761 0.031867836 0.000383414 0.999491990 87.207336426
0.999455690 0.008131344 -0.031971853 -2.580013037 -0.008048867 0.999963999 0.002707527 -1.861583591 0.031992711 -0.002448716 0.999485075 88.212219238
0.999413610 0.007175677 -0.033481020 -2.614284992 -0.007048611 0.999967575 0.003911679 -1.886852860 0.033507992 -0.003673390 0.999431670 89.192649841
0.999362707 0.006599233 -0.035079807 -2.658902168 -0.006467591 0.999971747 0.003864791 -1.901063919 0.035104305 -0.003635446 0.999377012 90.149131775
0.999254346 0.005576769 -0.038206950 -2.700511694 -0.005465653 0.999980569 0.003012120 -1.920249701 0.038222983 -0.002801047 0.999265313 91.081382751
0.999130189 0.005258708 -0.041367438 -2.748571634 -0.005180085 0.999984622 0.002007535 -1.938093424 0.041377347 -0.001791502 0.999141932 92.002929688
0.998965383 0.005298614 -0.045167666 -2.782193661 -0.005187104 0.999983251 0.002585640 -1.961372852 0.045180615 -0.002348676 0.998976052 92.898353577
0.998816609 0.006440975 -0.048207801 -2.831516504 -0.006262691 0.999972999 0.003848367 -1.980427027 0.048231281 -0.003541902 0.998829961 93.763351440
0.998657823 0.007089825 -0.051306769 -2.883488178 -0.006849524 0.999964774 0.004857931 -1.995142102 0.051339395 -0.004499984 0.998671114 94.610794067
0.998477340 0.008434840 -0.054515701 -2.931613684 -0.008095513 0.999946475 0.006442205 -2.009604931 0.054567114 -0.005991062 0.998492181 95.428359985
0.998342216 0.009652843 -0.056741029 -2.990834236 -0.009265278 0.999932051 0.007089538 -2.024563313 0.056805596 -0.006552064 0.998363733 96.220642090
0.998154998 0.011469599 -0.059624013 -3.037285089 -0.011035826 0.999910235 0.007599334 -2.038051367 0.059705824 -0.006927313 0.998191953 96.987152100
0.997940838 0.013146453 -0.062778525 -3.083685637 -0.012770857 0.999898136 0.006380380 -2.053683281 0.062856004 -0.005565506 0.998007119 97.716995239
0.997791469 0.014681994 -0.064779565 -3.148112774 -0.014522990 0.999890268 0.002924747 -2.073114395 0.064815395 -0.001977494 0.997895300 98.395904541
0.997593343 0.017683504 -0.067043178 -3.204641104 -0.017759269 0.999842167 -0.000534316 -2.091099262 0.067023113 0.001723667 0.997749925 99.091873169
0.997417033 0.019532623 -0.069122247 -3.253465891 -0.019792700 0.999799430 -0.003079696 -2.106287956 0.069048196 0.004439857 0.997603476 99.720764160
0.997291028 0.021183591 -0.070440143 -3.295164585 -0.021527659 0.999759734 -0.004128903 -2.120770693 0.070335738 0.005634129 0.997507393 100.352890015
0.997321963 0.023742005 -0.069174811 -3.354227781 -0.024034061 0.999705434 -0.003392725 -2.142423391 0.069073871 0.005046191 0.997598767 100.940383911
0.997417033 0.027414449 -0.066390611 -3.401909828 -0.027609989 0.999616802 -0.002029470 -2.155776978 0.066309497 0.003857271 0.997791588 101.502586365
0.997703850 0.030163834 -0.060638551 -3.441063404 -0.030260617 0.999541759 -0.000678238 -2.167170525 0.060590271 0.002511641 0.998159587 102.029495239
0.998090446 0.031185962 -0.053319655 -3.465984344 -0.031160817 0.999513626 0.001302967 -2.181753159 0.053334352 0.000361005 0.998576522 102.565719604
0.998555779 0.031240040 -0.043708567 -3.481731892 -0.031110428 0.999509394 0.003642494 -2.189972162 0.043800909 -0.002277441 0.999037564 103.067672729
0.999013007 0.030952452 -0.031858243 -3.493814707 -0.030815734 0.999513865 0.004773472 -2.200046778 0.031990498 -0.003787025 0.999480963 103.539237976
0.999380589 0.029949153 -0.018485773 -3.494504452 -0.029862313 0.999541819 0.004956175 -2.213015079 0.018625733 -0.004401076 0.999816775 104.000122070
0.999554396 0.029683799 -0.003141787 -3.489914417 -0.029671201 0.999551833 0.003983263 -2.223542929 0.003258623 -0.003888267 0.999987066 104.443519592
0.999482572 0.028594362 0.014731731 -3.469577312 -0.028609918 0.999590337 0.000846242 -2.235576630 -0.014701493 -0.001267278 0.999890983 104.863006592
0.998964429 0.027849732 0.035979155 -3.439312220 -0.027729152 0.999608099 -0.003846179 -2.247223854 -0.036072165 0.002844524 0.999345064 105.281471252
0.997849822 0.025880383 0.060216617 -3.395518780 -0.025395008 0.999638736 -0.008812064 -2.256644726 -0.060422897 0.007263914 0.998146355 105.684020996
0.995950520 0.022949962 0.086924762 -3.317676544 -0.022039853 0.999691963 -0.011415459 -2.273744583 -0.087159969 0.009453424 0.996149421 106.093574524
0.992939711 0.020568119 0.116824150 -3.243761063 -0.019209584 0.999734282 -0.012743038 -2.284811974 -0.117055207 0.010408928 0.993070781 106.486663818
0.988597572 0.018154819 0.149483323 -3.158401489 -0.016127141 0.999760985 -0.014765680 -2.298835039 -0.149715647 0.012186578 0.988653958 106.874031067
0.982578397 0.015558867 0.185195982 -3.060094833 -0.012798433 0.999788642 -0.016091663 -2.315977097 -0.185407192 0.013441104 0.982569814 107.241950989
0.974599838 0.012542921 0.223602220 -2.942195892 -0.008937005 0.999813437 -0.017131181 -2.323902369 -0.223775342 0.014697711 0.974529922 107.606819153
0.964721322 0.010491597 0.263064057 -2.819347382 -0.006038878 0.999824584 -0.017729213 -2.343914270 -0.263203919 0.015515140 0.964615405 107.933952332
0.952270210 0.010920336 0.305060863 -2.692333221 -0.005478686 0.999810398 -0.018688304 -2.363172770 -0.305207074 0.016124981 0.952149391 108.258300781
0.936988473 0.012783325 0.349126518 -2.549667358 -0.006505254 0.999795496 -0.019148823 -2.378359556 -0.349299908 0.015671067 0.936879873 108.575004578
0.919132411 0.013610095 0.393713564 -2.373645782 -0.006766684 0.999801099 -0.018764667 -2.382127523 -0.393890589 0.014583079 0.919041634 108.905296326
0.898561239 0.012630633 0.438666284 -2.194553375 -0.005646613 0.999835849 -0.017222030 -2.399295330 -0.438811779 0.012998072 0.898484886 109.209625244
0.875124037 0.011103433 0.483771265 -2.008010864 -0.003023652 0.999842703 -0.017478537 -2.418843985 -0.483889163 0.013833132 0.875019848 109.487976074
0.849994421 0.011514716 0.526665807 -1.790775299 -0.001319501 0.999804497 -0.019729581 -2.434068441 -0.526789963 0.016075101 0.849843442 109.768981934
0.821934164 0.013690519 0.569418013 -1.570873260 -0.000528300 0.999729037 -0.023273902 -2.449861288 -0.569582343 0.018828792 0.821718574 110.038902283
0.790709913 0.018323582 0.611916661 -1.334938049 -0.002031123 0.999624968 -0.027308751 -2.469561577 -0.612187564 0.020350423 0.790450633 110.307861328
0.757189274 0.024400521 0.652739704 -1.081729889 -0.004958519 0.999487936 -0.031610597 -2.477569342 -0.653176785 0.020698581 0.756922483 110.544372559
0.719238818 0.029529154 0.694135010 -0.807086945 -0.006478578 0.999337971 -0.035799898 -2.477751255 -0.694732547 0.021251667 0.718954146 110.803298950
0.680042088 0.029785125 0.732567668 -0.510021210 -0.004355651 0.999321043 -0.036587566 -2.497162580 -0.733160019 0.021690281 0.679710090 111.031326294
0.639226198 0.027137378 0.768539846 -0.195518494 -0.000066239 0.999379098 -0.035233293 -2.510878563 -0.769018769 0.022471134 0.638831139 111.230499268
0.594837189 0.025838275 0.803430676 0.133155823 0.001274810 0.999451637 -0.033086121 -2.520004511 -0.803845108 0.020705080 0.594478190 111.433288574
0.550164938 0.023658471 0.834720850 0.427917480 0.001956626 0.999559283 -0.029620102 -2.540936947 -0.835053742 0.017929176 0.549876153 111.536315918
0.502182066 0.021148141 0.864503324 0.787162781 0.004074324 0.999632001 -0.026820503 -2.550720215 -0.864752293 0.016991045 0.501911163 111.699127197
0.451314390 0.017277693 0.892197728 1.158752441 0.007466662 0.999704480 -0.023136575 -2.561596394 -0.892333746 0.017103612 0.451052010 111.847221375
0.398599446 0.017611496 0.916956007 1.516811371 0.003669573 0.999777019 -0.020797357 -2.586410761 -0.917117774 0.011654655 0.398445964 111.980384827
0.347384632 0.022107504 0.937462211 1.913661957 0.000446658 0.999718070 -0.023741156 -2.605505466 -0.937722683 0.008666041 0.347276807 112.099662781
0.295761883 0.028412642 0.954839110 2.310449600 -0.000019415 0.999557793 -0.029737297 -2.601632357 -0.955261707 0.008776623 0.295631647 112.210273743
0.250229686 0.029617796 0.967733443 2.694351196 0.001095425 0.999522567 -0.030873975 -2.637381554 -0.968185842 0.008785662 0.250077814 112.263442993
0.209123492 0.029422067 0.977446556 3.119668961 0.008269889 0.999458313 -0.031853974 -2.651353836 -0.977854311 0.014744787 0.208766863 112.312393188
0.174116269 0.029007345 0.984297872 3.551435471 0.016895752 0.999330878 -0.032439135 -2.667815685 -0.984580159 0.022278631 0.173509657 112.349479675
0.143465817 0.030261653 0.989192545 4.006685257 0.021225631 0.999208331 -0.033646487 -2.685294151 -0.989427626 0.025823357 0.142709881 112.388603210
0.115411937 0.028528782 0.992907941 4.482546806 0.019315077 0.999333978 -0.030958531 -2.702354670 -0.993129909 0.022751078 0.114784002 112.430084229
0.090170771 0.025296830 0.995604992 4.978886604 0.013186488 0.999559283 -0.026591590 -2.716558933 -0.995838940 0.015526315 0.089797407 112.462265015
0.066357613 0.020962447 0.997575760 5.478289127 0.008890398 0.999727070 -0.021599036 -2.738744497 -0.997756302 0.010302103 0.066153124 112.488998413
0.043676194 0.018764010 0.998869538 5.964715958 0.012353661 0.999737024 -0.019320477 -2.759507895 -0.998969316 0.013183543 0.043432903 112.501304626
0.023415655 0.019620843 0.999533236 6.500060081 0.020281592 0.999592245 -0.020097135 -2.776424646 -0.999520063 0.020742714 0.023008166 112.490028381
0.006020740 0.022088673 0.999737918 7.049332142 0.025149122 0.999436438 -0.022233469 -2.796124697 -0.999665558 0.025276391 0.005461834 112.472084045
-0.008500375 0.027287040 0.999591529 7.644334316 0.025494050 0.999308527 -0.027062515 -2.809746742 -0.999638796 0.025253594 -0.009190150 112.469055176
-0.019057099 0.032276362 0.999297261 8.255944252 0.023120318 0.999225795 -0.031833135 -2.820549011 -0.999550998 0.022497421 -0.019788589 112.458984375
-0.025406005 0.031989627 0.999165237 8.868776321 0.025334148 0.999187410 -0.031346153 -2.836562872 -0.999356151 0.024516616 -0.026195796 112.437828064
-0.027837954 0.029111296 0.999188423 9.511545181 0.032072041 0.999087155 -0.028214797 -2.853041649 -0.999097764 0.031260569 -0.028746204 112.411094666
-0.027649023 0.026923697 0.999255061 10.158538818 0.032837212 0.999122143 -0.026011519 -2.884210587 -0.999078155 0.032093558 -0.028508853 112.389816284
-0.025632065 0.026753372 0.999313414 10.831834793 0.032134704 0.999147296 -0.025924675 -2.903959751 -0.999154866 0.031448133 -0.026469916 112.378067017
-0.023830503 0.027084135 0.999349117 11.527017593 0.028836098 0.999235630 -0.026393436 -2.933074236 -0.999299943 0.028188353 -0.024593294 112.361915588
-0.022678591 0.028235994 0.999344051 12.240531921 0.028143058 0.999222994 -0.027593909 -2.951146603 -0.999346495 0.027498802 -0.023455620 112.353378296
-0.022067050 0.029074302 0.999333680 12.962321281 0.027189590 0.999224782 -0.028470738 -2.980823040 -0.999386668 0.026543206 -0.022840457 112.347091675
-0.021061655 0.028690152 0.999366462 13.708646774 0.026992815 0.999240100 -0.028117651 -3.008639574 -0.999413669 0.026383510 -0.021820078 112.335601807
-0.020349568 0.027508469 0.999414444 14.465719223 0.025737617 0.999304593 -0.026981389 -3.033745289 -0.999461591 0.025173485 -0.021043418 112.322525024
-0.020022573 0.026124973 0.999458134 15.226041794 0.026698029 0.999316037 -0.025586404 -3.062355518 -0.999442935 0.026171260 -0.020706363 112.311538696
-0.020575095 0.023901518 0.999502599 16.020677567 0.027022993 0.999362230 -0.023341889 -3.089940548 -0.999423027 0.026529294 -0.021207865 112.298835754
-0.021962091 0.022192542 0.999512553 16.811380386 0.024414061 0.999467373 -0.021655096 -3.120384216 -0.999460697 0.023926567 -0.022492208 112.293441772
-0.023184786 0.021020327 0.999510229 17.599109650 0.023886392 0.999505162 -0.020466143 -3.147375345 -0.999445796 0.023400187 -0.023675416 112.276054382
-0.024067083 0.018456459 0.999539971 18.403791428 0.026364870 0.999493539 -0.017820781 -3.173822880 -0.999362588 0.025923846 -0.024541495 112.250251770
-0.025343038 0.017237538 0.999530196 19.221160889 0.027696619 0.999479711 -0.016534416 -3.193553686 -0.999295056 0.027264575 -0.025807271 112.230163574
-0.027156861 0.016010774 0.999502957 20.048324585 0.025180317 0.999565423 -0.015327615 -3.225497961 -0.999313891 0.024751550 -0.027548216 112.217018127
-0.027787577 0.020595191 0.999401629 20.855756760 0.021949705 0.999559283 -0.019988142 -3.256400585 -0.999372780 0.021381147 -0.028227385 112.192230225
-0.028711705 0.025341576 0.999266446 21.689758301 0.023517432 0.999419034 -0.024669725 -3.280847788 -0.999311030 0.022791870 -0.029290989 112.171836853
-0.029634716 0.026947688 0.999197423 22.528009415 0.023475831 0.999379575 -0.026256340 -3.310940266 -0.999285042 0.022678893 -0.030248944 112.146171570
-0.031636316 0.024864489 0.999190152 23.379104614 0.019917127 0.999507785 -0.024241777 -3.342563629 -0.999301016 0.019134076 -0.032115966 112.137588501
-0.032933753 0.020347713 0.999250412 24.220745087 0.016947517 0.999660313 -0.019797496 -3.377902746 -0.999313831 0.016282804 -0.033267412 112.125213623
-0.033232834 0.015066289 0.999334157 25.075187683 0.015463225 0.999774396 -0.014558699 -3.406412601 -0.999328077 0.014969100 -0.033458319 112.101982117
-0.033584744 0.009560420 0.999390244 25.926124573 0.011835486 0.999887824 -0.009167450 -3.430740356 -0.999365747 0.011520380 -0.033694126 112.082336426
-0.033548415 0.007975690 0.999405384 26.772872925 0.008993630 0.999930143 -0.007677981 -3.461601734 -0.999396622 0.008730697 -0.033617795 112.067367554
-0.032077763 0.015102594 0.999371171 27.613441467 0.011627099 0.999823749 -0.014736231 -3.490580559 -0.999417663 0.011147083 -0.032247711 112.027946472
-0.030424086 0.026200628 0.999193609 28.441410065 0.014219664 0.999566555 -0.025777441 -3.516493320 -0.999435902 0.013423942 -0.030783465 111.994384766
-0.030206872 0.031465534 0.999048233 29.277240753 0.016409900 0.999385238 -0.030979987 -3.541621208 -0.999408841 0.015458474 -0.030704644 111.977096558
-0.029282387 0.025872191 0.999236286 30.121173859 0.017825782 0.999519467 -0.025357150 -3.580930710 -0.999412179 0.017069653 -0.029729504 111.959259033
-0.028175233 0.018352503 0.999434590 30.948833466 0.020868329 0.999624372 -0.017767685 -3.611659288 -0.999385118 0.020355918 -0.028547632 111.929595947
-0.027409183 0.015681403 0.999501407 31.779533386 0.022182949 0.999640346 -0.015075264 -3.638512373 -0.999378026 0.021758679 -0.027747182 111.906600952
-0.027888708 0.016384074 0.999476850 32.598865509 0.021115195 0.999652267 -0.015797766 -3.666337490 -0.999387980 0.020663565 -0.028224966 111.891746521
-0.029017085 0.017177185 0.999431431 33.419200897 0.017389268 0.999709785 -0.016677096 -3.698828936 -0.999427557 0.016895458 -0.029307358 111.877082825
-0.030922841 0.017038729 0.999376535 34.226371765 0.015654398 0.999740303 -0.016560547 -3.727844238 -0.999399185 0.015132540 -0.031181538 111.855560303
-0.032993257 0.016879527 0.999312997 35.036174774 0.015176193 0.999750674 -0.016385857 -3.756138086 -0.999340296 0.014625146 -0.033241190 111.828659058
-0.034868855 0.016993869 0.999247432 35.840408325 0.014009547 0.999765515 -0.016513811 -3.786637306 -0.999293685 0.013423190 -0.035098754 111.804718018
-0.037509713 0.017131429 0.999149382 36.672424316 0.011445718 0.999794781 -0.016712803 -3.816218853 -0.999230742 0.010809089 -0.037698094 111.796562195
-0.039371002 0.016847329 0.999082565 37.417133331 0.011995202 0.999793708 -0.016386623 -3.841287613 -0.999152601 0.011339038 -0.039564967 111.763313293
-0.041234095 0.015719574 0.999025881 38.206871033 0.012405837 0.999807119 -0.015219826 -3.869565964 -0.999072492 0.011766175 -0.041421168 111.728927612
-0.042575002 0.015215070 0.998977423 38.978954315 0.011715042 0.999822855 -0.014728668 -3.904205322 -0.999024570 0.011075987 -0.042745709 111.688728333
-0.044405364 0.016653141 0.998874843 39.769207001 0.012300472 0.999794364 -0.016121650 -3.926104784 -0.998937845 0.011570741 -0.044601075 111.658393860
-0.045628570 0.017027570 0.998813331 40.551570892 0.013175778 0.999777973 -0.016442107 -3.950085640 -0.998871565 0.012409911 -0.045842785 111.626098633
-0.047179133 0.015327062 0.998768926 41.294746399 0.014138613 0.999792337 -0.014674901 -3.983280659 -0.998786390 0.013428858 -0.047386035 111.595855713
-0.048866037 0.014488955 0.998700380 42.070354462 0.014072195 0.999805510 -0.013816445 -4.011044979 -0.998706222 0.013378751 -0.049060427 111.565689087
-0.050392687 0.014195113 0.998628736 42.833915710 0.013033693 0.999823153 -0.013554391 -4.035737038 -0.998644471 0.012332776 -0.050568789 111.534820557
-0.051900182 0.012990533 0.998567879 43.593841553 0.011004539 0.999862134 -0.012435417 -4.061142445 -0.998591721 0.010343377 -0.052035980 111.506706238
-0.052968528 0.012050847 0.998523533 44.334274292 0.009636165 0.999886692 -0.011556135 -4.085772038 -0.998549759 0.009009822 -0.053078651 111.476570129
-0.053005356 0.011534807 0.998527586 45.039726257 0.010017170 0.999889076 -0.011018788 -4.113777161 -0.998543978 0.009418366 -0.053115018 111.437019348
-0.053018678 0.014143557 0.998493373 45.745670319 0.010393798 0.999853313 -0.013610925 -4.136736870 -0.998539448 0.009656506 -0.053157896 111.404350281
-0.053550608 0.016627761 0.998426616 46.448165894 0.010169809 0.999818504 -0.016105482 -4.165171623 -0.998513341 0.009291351 -0.053709995 111.374465942
-0.053561669 0.018376540 0.998395443 47.142513275 0.008236964 0.999804735 -0.017960586 -4.187529087 -0.998530567 0.007261749 -0.053702578 111.340225220
-0.054391652 0.019327691 0.998332560 47.854892731 0.008455440 0.999785841 -0.018895146 -4.217277050 -0.998483837 0.007413604 -0.054543417 111.320686340
-0.053885717 0.018878564 0.998368680 48.550457001 0.009968231 0.999781609 -0.018367263 -4.243444920 -0.998497367 0.008962236 -0.054062132 111.280509949
-0.054112509 0.018500632 0.998363495 49.239509583 0.010692003 0.999781728 -0.017947394 -4.268290043 -0.998477578 0.009703327 -0.054298501 111.244354248
-0.053920060 0.018636197 0.998371363 49.912864685 0.006849218 0.999809265 -0.018293122 -4.291972160 -0.998521745 0.005851695 -0.054037414 111.205863953
-0.054724354 0.018570896 0.998328865 50.608081818 0.004102602 0.999822736 -0.018373797 -4.322212219 -0.998493016 0.003090250 -0.054790847 111.190643311
-0.054129370 0.017016064 0.998388886 51.261127472 0.005227884 0.999845862 -0.016757455 -4.353230953 -0.998520195 0.004312390 -0.054209977 111.144409180
-0.055296764 0.016792729 0.998328745 51.946323395 0.005862933 0.999846756 -0.016493522 -4.372323036 -0.998452604 0.004941096 -0.055386744 111.112243652
-0.058631722 0.016086601 0.998150051 52.607330322 0.002632767 0.999869108 -0.015959654 -4.396834373 -0.998276055 0.001692154 -0.058666401 111.077262878
-0.063972212 0.015445026 0.997832060 53.289474487 -0.001441381 0.999877691 -0.015569095 -4.424094200 -0.997950554 -0.002434246 -0.063942119 111.043853760
-0.069228075 0.019522954 0.997409761 53.937301636 0.002943724 0.999808133 -0.019365577 -4.443572521 -0.997596502 0.001595457 -0.069272257 110.983779907
-0.076404788 0.022500224 0.996822953 54.610881805 0.005544435 0.999739408 -0.022141086 -4.464883327 -0.997061431 0.003835135 -0.076509625 110.938980103
-0.083641395 0.024076479 0.996205032 55.279891968 0.004757662 0.999706268 -0.023761645 -4.490618706 -0.996484518 0.002752150 -0.083731361 110.882843018
-0.089567125 0.022946194 0.995716453 55.955497742 0.000944911 0.999736011 -0.022953829 -4.518176079 -0.995980382 -0.001115045 -0.089565165 110.823379517
-0.096111581 0.022494197 0.995116353 56.657974243 0.000867451 0.999746025 -0.022515072 -4.536932945 -0.995370209 -0.001300744 -0.096106678 110.776046753
-0.099712804 0.022408839 0.994763792 57.325206757 -0.001497331 0.999741793 -0.022671062 -4.570798874 -0.995015144 -0.003750086 -0.099653497 110.698257446
-0.104555801 0.022025615 0.994275093 58.036354065 -0.003404381 0.999740899 -0.022504695 -4.585033417 -0.994513273 -0.005737887 -0.104453720 110.640556335
-0.106503196 0.018896826 0.994132757 58.739364624 -0.003249605 0.999807417 -0.019352829 -4.611622810 -0.994306982 -0.005291675 -0.106421277 110.562011719
-0.108370423 0.016187053 0.993978858 59.453674316 -0.000983392 0.999865234 -0.016390130 -4.631781578 -0.994109988 -0.002753676 -0.108339913 110.487876892
-0.109356537 0.012876897 0.993919134 60.165744781 -0.001660653 0.999912381 -0.013137253 -4.659471989 -0.994001150 -0.003087200 -0.109325565 110.407234192
-0.111065015 0.012464575 0.993735015 60.897293091 -0.002952013 0.999912798 -0.012871997 -4.683825970 -0.993808746 -0.004363147 -0.111018553 110.336746216
-0.111285284 0.016128616 0.993657649 61.610427856 -0.000683811 0.999866784 -0.016305981 -4.703892708 -0.993788183 -0.002494089 -0.111259431 110.254631042
-0.111567162 0.020091109 0.993553758 62.339103699 0.005544266 0.999792635 -0.019594692 -4.727954865 -0.993741393 0.003322402 -0.111655399 110.169303894
-0.112159364 0.025417725 0.993365109 63.081047058 0.013163353 0.999623060 -0.024091592 -4.751124382 -0.993603051 0.010373916 -0.112451665 110.078804016
-0.112727627 0.026036546 0.993284822 63.822151184 0.013044544 0.999609232 -0.024721904 -4.779756546 -0.993540227 0.010170105 -0.113023207 109.993225098
-0.113567322 0.024154933 0.993236601 64.583778381 0.011783669 0.999666870 -0.022963962 -4.806056499 -0.993460357 0.009096015 -0.113814116 109.919609070
-0.113349050 0.018995160 0.993373573 65.336814880 0.011470497 0.999775708 -0.017808730 -4.832688808 -0.993488967 0.009375886 -0.113541514 109.835578918
-0.113127768 0.017366685 0.993428648 66.088836670 0.014360857 0.999771297 -0.015842209 -4.858719826 -0.993476629 0.012474293 -0.113351300 109.744781494
-0.113785036 0.016477823 0.993368745 66.834434509 0.014155646 0.999787807 -0.014962850 -4.887063026 -0.993404508 0.012359227 -0.113994159 109.660179138
-0.115697876 0.017475363 0.993130684 67.582489014 0.012394401 0.999792755 -0.016148668 -4.911830425 -0.993207157 0.010440894 -0.115890495 109.582969666
-0.118038103 0.018261947 0.992841184 68.325759888 0.011950170 0.999784589 -0.016968915 -4.934441090 -0.992937148 0.009861642 -0.118230902 109.501434326
-0.120134503 0.018398099 0.992587149 69.064895630 0.012884001 0.999772906 -0.016971918 -4.961131096 -0.992673934 0.010749581 -0.120344259 109.413192749
-0.122056544 0.018792082 0.992345273 69.802528381 0.013186095 0.999763131 -0.017310690 -4.983565331 -0.992435515 0.010972275 -0.122275427 109.319122314
-0.124075033 0.018514656 0.992100120 70.549819946 0.013303963 0.999767065 -0.016993903 -5.007519245 -0.992183566 0.011090344 -0.124292448 109.229949951
-0.125647902 0.018649377 0.991899610 71.295402527 0.010771894 0.999789953 -0.017433209 -5.032642841 -0.992016315 0.008494190 -0.125822410 109.138191223
-0.126767606 0.020047026 0.991729856 72.054595947 0.010636133 0.999765754 -0.018849904 -5.060029984 -0.991875350 0.008158613 -0.126951128 109.045440674
-0.127741650 0.020510472 0.991595447 72.810867310 0.009698051 0.999764085 -0.019430092 -5.083659172 -0.991759956 0.007134509 -0.127910465 108.955406189
-0.128740698 0.020494075 0.991466522 73.573532104 0.009354726 0.999767065 -0.019450955 -5.111189842 -0.991634130 0.006770769 -0.128902420 108.851783752
-0.130275935 0.019291462 0.991290092 74.365386963 0.009787872 0.999786973 -0.018170495 -5.127984047 -0.991429329 0.007335443 -0.130437031 108.765167236
-0.131348014 0.016946238 0.991191447 75.146484375 0.007767466 0.999840856 -0.016064808 -5.152417660 -0.991305768 0.005588966 -0.131458730 108.668479919
-0.133139282 0.014920886 0.990985036 75.932510376 0.004367106 0.999885798 -0.014468177 -5.173381805 -0.991087675 0.002401453 -0.133189261 108.572570801
-0.135131970 0.014264029 0.990724981 76.698287964 0.005267271 0.999892533 -0.013677580 -5.200188160 -0.990813613 0.003370139 -0.135192573 108.462005615
-0.136793286 0.015077003 0.990485013 77.495964050 0.006657504 0.999875486 -0.014300496 -5.221588612 -0.990577221 0.004637946 -0.136876643 108.356834412
-0.139090687 0.016463332 0.990142941 78.295532227 0.006179104 0.999856710 -0.015756834 -5.242078781 -0.990260303 0.003926567 -0.139172465 108.247512817
-0.140686348 0.019646632 0.989859462 79.081214905 0.007389702 0.999795973 -0.018793577 -5.273479939 -0.990026712 0.004670766 -0.140802816 108.136535645
-0.141108409 0.023629054 0.989712298 79.886451721 0.009692344 0.999700069 -0.022485629 -5.298602581 -0.989946663 0.006419719 -0.141295090 108.021385193
-0.141970217 0.027131289 0.989499092 80.675193787 0.010503938 0.999609351 -0.025901435 -5.338180542 -0.989815116 0.006716406 -0.142199725 107.898056030
-0.141741246 0.028338630 0.989498079 81.501045227 0.012828723 0.999558806 -0.026789106 -5.368323326 -0.989820540 0.008896875 -0.142042220 107.781097412
-0.141061172 0.027467730 0.989619851 82.334533691 0.015942803 0.999548495 -0.025470810 -5.402514935 -0.989872456 0.012184371 -0.141435385 107.662155151
-0.140975997 0.025564253 0.989682972 83.167648315 0.016720893 0.999585569 -0.023438228 -5.436119080 -0.989871800 0.013244155 -0.141345009 107.543411255
-0.140043125 0.024042198 0.989853501 84.012916565 0.015691599 0.999633431 -0.022059718 -5.468189240 -0.990021110 0.012443071 -0.140369013 107.426277161
-0.138690025 0.021456359 0.990103424 84.844573975 0.014862332 0.999697745 -0.019582415 -5.498437881 -0.990224302 0.011999361 -0.138966963 107.323417664
-0.137301922 0.018306311 0.990360200 85.700569153 0.015352618 0.999748468 -0.016351389 -5.525408745 -0.990410268 0.012959546 -0.137548417 107.214248657
-0.135493651 0.014947029 0.990665615 86.546226501 0.015706338 0.999792933 -0.012936583 -5.553282261 -0.990653694 0.013806902 -0.135700360 107.096214294
-0.133759424 0.014724910 0.990904450 87.399444580 0.013936887 0.999818623 -0.012976074 -5.582126141 -0.990915775 0.012074449 -0.133940399 106.991783142
-0.132509038 0.018769864 0.991004169 88.251121521 0.014569908 0.999749541 -0.016987337 -5.612820625 -0.991074681 0.012187859 -0.132749349 106.882369995
-0.130475655 0.025167570 0.991132081 89.102050781 0.015513561 0.999607146 -0.023340523 -5.638890266 -0.991330147 0.012330614 -0.130814835 106.770973206
-0.129191101 0.028614173 0.991206765 89.953445435 0.013170268 0.999545038 -0.027138300 -5.666127682 -0.991532207 0.009548434 -0.129509151 106.671005249
-0.127648070 0.026037496 0.991477668 90.815551758 0.011846585 0.999624074 -0.024726236 -5.699309349 -0.991748691 0.008589371 -0.127908543 106.564826965
