1.000000000 0.000000000 0.000000000 0.000000000 0.000000000 1.000000000 0.000000000 0.000000000 0.000000000 0.000000000 1.000000000 0.000000000
0.999998689 0.000758926 0.001443854 -0.006126931 -0.000752339 0.999989331 -0.004557150 -0.002523687 -0.001447297 0.004556058 0.999988556 0.963952541
0.999996603 -0.001445854 0.002157339 -0.002735414 0.001457355 0.999984682 -0.005339012 -0.000924642 -0.002149586 0.005342138 0.999983430 1.918580413
0.999993265 -0.002497475 0.002695290 -0.010139534 0.002500966 0.999996066 -0.001292979 -0.004611264 -0.002692051 0.001299711 0.999995530 2.853087664
0.999985397 -0.004995088 0.002065711 -0.007235147 0.004984822 0.999975324 0.004945239 -0.008577589 -0.002090361 -0.004934869 0.999985576 3.802350044
0.999962926 -0.008592886 0.000504445 -0.004148596 0.008590244 0.999950409 0.005023176 -0.005918279 -0.000547584 -0.005018657 0.999987304 4.740412712
0.999936044 -0.011306368 -0.000234866 -0.004748769 0.011306829 0.999933958 0.002064946 -0.001913310 0.000211504 -0.002067469 0.999997854 5.670478821
0.999925613 -0.012124477 -0.001314233 -0.007002879 0.012122495 0.999925435 -0.001506410 0.004308997 0.001332400 0.001490366 0.999998033 6.598935604
0.999931037 -0.011629794 -0.001641697 -0.014637409 0.011626939 0.999930918 -0.001738772 -0.003341038 0.001661805 0.001719564 0.999997139 7.524801254
0.999929726 -0.011549512 -0.002683656 -0.024984447 0.011549954 0.999933243 0.000149410 -0.002016708 0.002681751 -0.000180396 0.999996364 8.437868118
0.999934793 -0.011012266 -0.003015311 -0.035909764 0.011020688 0.999935389 0.002791004 0.001448061 0.002984381 -0.002824052 0.999991536 9.379077911
0.999927342 -0.011321393 -0.004134763 -0.042081144 0.011339335 0.999926329 0.004342288 0.003852341 0.004085298 -0.004388858 0.999982059 10.301185608
0.999909103 -0.012622243 -0.004748470 -0.050192282 0.012646291 0.999907136 0.005068725 0.008786649 0.004684051 -0.005128315 0.999975860 11.210780144
0.999899209 -0.013064258 -0.005553330 -0.052667204 0.013095426 0.999898434 0.005613587 0.003402784 0.005479430 -0.005685744 0.999968827 12.121773720
0.999887288 -0.013652093 -0.006240527 -0.063207611 0.013679602 0.999896765 0.004386861 0.005535379 0.006179993 -0.004471734 0.999970973 13.027127266
0.999884129 -0.013399769 -0.007225442 -0.084109440 0.013415179 0.999907911 0.002088612 0.012550320 0.007196789 -0.002185301 0.999971688 13.929383278
0.999844730 -0.015188874 -0.008932924 -0.090217009 0.015195525 0.999884307 0.000677315 0.019218765 0.008921603 -0.000812951 0.999959886 14.817606926
0.999833822 -0.014671566 -0.010812470 -0.097786777 0.014670558 0.999892294 -0.000172511 0.020402696 0.010813836 0.000013858 0.999941528 15.734324455
0.999838114 -0.013322768 -0.012082065 -0.122555025 0.013308293 0.999910653 -0.001277459 0.023501679 0.012098002 0.001116461 0.999926150 16.636543274
0.999832809 -0.011679853 -0.014064018 -0.135494232 0.011665778 0.999931335 -0.001082346 0.020682685 0.014075693 0.000918097 0.999900520 17.530019760
0.999814689 -0.012517928 -0.014631113 -0.166163221 0.012514225 0.999921560 -0.000344776 0.021492178 0.014634281 0.000161615 0.999892890 18.426227570
0.999799788 -0.011872898 -0.016106866 -0.191011310 0.011893294 0.999928534 0.001171144 0.021000942 0.016091811 -0.001362474 0.999869525 19.314968109
0.999766171 -0.011563821 -0.018270416 -0.193380892 0.011592120 0.999931872 0.001443784 0.022980249 0.018252471 -0.001655240 0.999832034 20.196466446
0.999719977 -0.012734336 -0.019944621 -0.213275895 0.012767280 0.999917328 0.001525327 0.021505080 0.019923545 -0.001779538 0.999800026 21.073596954
0.999686837 -0.012448397 -0.021707462 -0.237805158 0.012474530 0.999921560 0.001068840 0.020747909 0.021692453 -0.001339296 0.999763787 21.945278168
0.999666274 -0.012610096 -0.022547012 -0.258274257 0.012644611 0.999919057 0.001388838 0.024560217 0.022527672 -0.001673472 0.999744833 22.804998398
0.999651492 -0.012248009 -0.023386076 -0.283481121 0.012331505 0.999918103 0.003429606 0.025905460 0.023342155 -0.003716797 0.999720573 23.657341003
0.999611259 -0.013553259 -0.024366584 -0.303363085 0.013706768 0.999887228 0.006144038 0.029313877 0.024280559 -0.006475638 0.999684215 24.502788544
0.999595046 -0.013519525 -0.025036894 -0.327909946 0.013717655 0.999875844 0.007758770 0.032112509 0.024928888 -0.008099075 0.999656379 25.340940475
0.999585629 -0.012778033 -0.025793271 -0.349698544 0.012959175 0.999892414 0.006867885 0.029334873 0.025702732 -0.007199298 0.999643803 26.172967911
0.999591827 -0.011213612 -0.026277924 -0.381262302 0.011319580 0.999928296 0.003887290 0.037710711 0.026232451 -0.004183158 0.999647141 26.978204727
0.999574840 -0.010527819 -0.027191209 -0.406148523 0.010597333 0.999940872 0.002413634 0.038416494 0.027164191 -0.002700762 0.999627352 27.786745071
0.999549270 -0.009650517 -0.028427567 -0.424388885 0.009708130 0.999951065 0.001889404 0.043981392 0.028407944 -0.002164531 0.999594092 28.579374313
0.999505818 -0.009647568 -0.029915327 -0.447536796 0.009695687 0.999951899 0.001463887 0.043380797 0.029899769 -0.001753213 0.999551415 29.368309021
0.999456346 -0.009362619 -0.031612858 -0.481260121 0.009391746 0.999955535 0.000772987 0.041893899 0.031604219 -0.001069467 0.999499917 30.145061493
0.999389768 -0.009476474 -0.033618756 -0.508787155 0.009500217 0.999954641 0.000546468 0.043176975 0.033612046 -0.000865519 0.999434710 30.915534973
0.999320447 -0.009592561 -0.035590168 -0.538473487 0.009660903 0.999951780 0.001748764 0.045341682 0.035571668 -0.002091408 0.999364913 31.667078018
0.999237776 -0.009940291 -0.037749398 -0.566032529 0.010103369 0.999940395 0.004131710 0.047076039 0.037706073 -0.004509958 0.999278784 32.415122986
0.999172628 -0.008845458 -0.039694536 -0.602869868 0.009055316 0.999945939 0.005110193 0.053995930 0.039647184 -0.005465411 0.999198794 33.177940369
0.999107897 -0.007556553 -0.041547246 -0.639522433 0.007790697 0.999954700 0.005476625 0.054948404 0.041503977 -0.005795422 0.999121547 33.901710510
0.999045968 -0.004946231 -0.043388553 -0.678972602 0.005156165 0.999975502 0.004727867 0.055119246 0.043364108 -0.004947075 0.999047101 34.614189148
0.998965681 -0.003958947 -0.045300446 -0.711848378 0.004142988 0.999983549 0.003969507 0.060236275 0.045283984 -0.004153081 0.998965442 35.334667206
0.998879611 -0.003839086 -0.047166739 -0.742281795 0.004068454 0.999980390 0.004767872 0.067212336 0.047147505 -0.004954427 0.998875618 36.044780731
0.998833001 -0.002342726 -0.048240639 -0.782139957 0.002660664 0.999975145 0.006527508 0.074498758 0.048224144 -0.006648242 0.998814344 36.743129730
0.998836160 0.000679841 -0.048227292 -0.823296607 -0.000314217 0.999971151 0.007588463 0.068948656 0.048231062 -0.007564478 0.998807490 37.416946411
0.998877347 0.003910337 -0.047207996 -0.858964860 -0.003649956 0.999977589 0.005600563 0.069884419 0.047228832 -0.005421969 0.998869359 38.082855225
0.998950601 0.005338476 -0.045489609 -0.898756444 -0.005215022 0.999982357 0.002832124 0.068760946 0.045503929 -0.002591922 0.998960733 38.739395142
0.999044716 0.006204801 -0.043259770 -0.927567244 -0.006198096 0.999980748 0.000289161 0.081896901 0.043260731 -0.000020756 0.999063730 39.387050629
0.999162376 0.006975415 -0.040320881 -0.954362214 -0.006924942 0.999975085 0.001391349 0.079426549 0.040329583 -0.001110964 0.999185741 40.030231476
0.999237478 0.011806773 -0.037218668 -0.988308728 -0.011666290 0.999923944 0.003989473 0.082579598 0.037262943 -0.003552228 0.999299109 40.665328979
0.999310017 0.016284794 -0.033380046 -1.012152314 -0.016053133 0.999845266 0.007196355 0.087655514 0.033492070 -0.006655537 0.999416828 41.297519684
0.999345958 0.021229690 -0.029271867 -1.034414530 -0.021003952 0.999747455 0.007997886 0.092923895 0.029434260 -0.007377831 0.999539495 41.906497955
0.999394715 0.025116093 -0.024073580 -1.054927349 -0.024927747 0.999656558 0.008092280 0.100755304 0.024268564 -0.007487281 0.999677479 42.490680695
0.999413669 0.029176509 -0.017916963 -1.078936577 -0.028998388 0.999528229 0.010122223 0.107069254 0.018203838 -0.009596726 0.999788225 43.059463501
0.999367118 0.033565160 -0.011787280 -1.076005459 -0.033429418 0.999374568 0.011530479 0.105611265 0.012166932 -0.011129138 0.999863982 43.619525909
0.999303102 0.037036423 -0.004635582 -1.084058762 -0.036981650 0.999251068 0.011390537 0.105023146 0.005053975 -0.011211168 0.999924302 44.151821136
0.999185205 0.040281706 0.002517244 -1.085437894 -0.040307648 0.999123633 0.011282121 0.109511316 -0.002060576 -0.011374393 0.999933124 44.658576965
0.998964548 0.044349924 0.010139308 -1.086992741 -0.044460028 0.998951793 0.010905200 0.111129552 -0.009645032 -0.011344703 0.999889135 45.149124146
0.998667717 0.048459690 0.017731506 -1.081371307 -0.048605174 0.998787045 0.007867862 0.119459480 -0.017328726 -0.008719222 0.999811828 45.629772186
0.998385131 0.050753444 0.025519926 -1.067897916 -0.050900646 0.998690426 0.005151430 0.114772812 -0.025225054 -0.006442092 0.999661028 46.080139160
0.998135984 0.051106103 0.033359520 -1.052240729 -0.051294245 0.998671949 0.004808032 0.118238404 -0.033069499 -0.006510220 0.999431789 46.508720398
0.997892857 0.050196938 0.041112062 -1.026903033 -0.050491571 0.998705506 0.006159255 0.119168431 -0.040749662 -0.008222088 0.999135554 46.909076691
0.997431815 0.052277159 0.048957314 -1.004186869 -0.052669611 0.998589098 0.006759881 0.123350412 -0.048534855 -0.009321082 0.998778045 47.300655365
0.996779382 0.055255312 0.058118176 -0.994454622 -0.055766515 0.998417795 0.007209884 0.118691549 -0.057627827 -0.010427708 0.998283803 47.651691437
0.995975554 0.060220324 0.066379510 -0.962765932 -0.060780637 0.998130262 0.006452261 0.122173548 -0.065866828 -0.010460882 0.997773647 47.976070404
0.995077848 0.063998707 0.075658910 -0.946463346 -0.064690314 0.997882724 0.006723578 0.118126988 -0.075068414 -0.011584882 0.997111082 48.278923035
0.994380832 0.063119695 0.084986895 -0.915306091 -0.063967556 0.997925282 0.007287916 0.119006485 -0.084350571 -0.012683368 0.996355414 48.563247681
0.993491948 0.061926823 0.095597789 -0.878281116 -0.062734015 0.998015344 0.005458602 0.117518008 -0.095070034 -0.011420310 0.995405078 48.844512939
0.992368102 0.060543761 0.107424423 -0.844382763 -0.061014067 0.998136222 0.001093668 0.114088133 -0.107158020 -0.007639722 0.994212627 49.102687836
0.990776002 0.061642502 0.120677382 -0.802460194 -0.061730091 0.998088300 -0.003016007 0.114883929 -0.120632574 -0.004461238 0.992687166 49.365779877
0.988664865 0.063269936 0.136156678 -0.764214993 -0.063135169 0.997990787 -0.005312244 0.113899529 -0.136219218 -0.003344245 0.990673065 49.628952026
0.986179888 0.065192126 0.152312890 -0.713415623 -0.064969011 0.997866452 -0.006446659 0.107782334 -0.152408198 -0.003538054 0.988311231 49.880001068
0.983388305 0.065559313 0.169261426 -0.659522057 -0.065195762 0.997842669 -0.007710833 0.107835740 -0.169401780 -0.003452386 0.985540986 50.137729645
0.980128527 0.064546406 0.187568396 -0.603842735 -0.063980028 0.997909963 -0.009078612 0.109351516 -0.187762350 -0.003102425 0.982209504 50.392494202
0.976249337 0.063890778 0.207015008 -0.537283897 -0.063349813 0.997948587 -0.009248151 0.103216529 -0.207181215 -0.004085860 0.978294075 50.641819000
0.971844792 0.063692048 0.226849973 -0.458238602 -0.062953554 0.997961223 -0.010496449 0.101915359 -0.227055997 -0.004080092 0.973873198 50.880508423
0.966573119 0.066263482 0.247680366 -0.379514694 -0.065131001 0.997794986 -0.012772495 0.097997189 -0.247980550 -0.003786118 0.968757570 51.109264374
0.960311174 0.067455187 0.270651460 -0.299667358 -0.065914758 0.997715652 -0.014788060 0.091848373 -0.271030754 -0.003638786 0.962563813 51.358898163
0.953114748 0.068771362 0.294690877 -0.200169563 -0.067038439 0.997622252 -0.015991373 0.085862041 -0.295089960 -0.004514002 0.955458760 51.600410461
0.944574654 0.071629748 0.320386767 -0.103579521 -0.069938943 0.997409821 -0.016797343 0.078182220 -0.320760101 -0.006541174 0.947137833 51.836456299
0.934817493 0.073547043 0.347429246 0.006364822 -0.071813367 0.997257769 -0.017882718 0.069804072 -0.347791702 -0.008232983 0.937535703 52.071983337
0.923601925 0.074349262 0.376074195 0.123050690 -0.072375387 0.997188807 -0.019395655 0.064220250 -0.376459062 -0.009304654 0.926386535 52.311782837
0.911051750 0.072287194 0.405905306 0.264591217 -0.069567010 0.997346222 -0.021473497 0.054145575 -0.406380415 -0.008674150 0.913662732 52.548912048
0.896173775 0.069805019 0.438177824 0.409473419 -0.065850236 0.997535229 -0.024236031 0.046549678 -0.438789576 -0.007134417 0.898561537 52.773578644
0.878808618 0.069354065 0.472107410 0.565616608 -0.063398436 0.997580290 -0.028534092 0.038146138 -0.472944021 -0.004854863 0.881079137 52.995853424
0.859452426 0.070779391 0.506292403 0.731422424 -0.062296610 0.997488678 -0.033697274 0.031375289 -0.507405877 -0.002579098 0.861703217 53.219055176
0.837720156 0.072701506 0.541238785 0.917495728 -0.061858021 0.997352719 -0.038225863 0.021940708 -0.542584956 -0.001457384 0.839999616 53.444843292
0.813210726 0.075384386 0.577066243 1.115535736 -0.062684633 0.997152328 -0.041925680 0.012370586 -0.578583479 -0.002078771 0.815620422 53.672801971
0.785713613 0.079439357 0.613468468 1.322685242 -0.065682977 0.996827304 -0.044956356 0.000886083 -0.615093350 -0.004971619 0.788438499 53.902137756
0.755787134 0.083913594 0.649418473 1.541704178 -0.069515228 0.996432543 -0.047851313 -0.014931440 -0.651117086 -0.008979063 0.758924186 54.127639771
0.722638965 0.084971502 0.685983121 1.807342529 -0.069121055 0.996324360 -0.050598331 -0.032285690 -0.687761068 -0.010851556 0.725856006 54.371559143
0.686143160 0.082367525 0.722788453 2.090887070 -0.065456361 0.996529460 -0.051424772 -0.053419113 -0.724515676 -0.012026344 0.689153373 54.595142365
0.647040367 0.080895089 0.758152127 2.382417679 -0.062586077 0.996635139 -0.052927606 -0.076179028 -0.759882748 -0.013203480 0.649926007 54.800788879
0.604453146 0.080133580 0.792600036 2.712873459 -0.060429260 0.996673584 -0.054681234 -0.099165082 -0.794345498 -0.014843994 0.607284904 55.020221710
0.558287382 0.080162443 0.825765729 3.074140549 -0.056911197 0.996676862 -0.058277123 -0.115857005 -0.827693403 -0.014459942 0.560994267 55.230796814
0.509557605 0.078832991 0.856817603 3.442283630 -0.053632744 0.996767581 -0.059813451 -0.141526580 -0.858763456 -0.015475080 0.512138605 55.421936035
0.460830957 0.077404037 0.884106040 3.844020844 -0.052393511 0.996824622 -0.059963062 -0.162907362 -0.885940075 -0.018688586 0.463422954 55.600540161
0.411849201 0.074914902 0.908167422 4.309906006 -0.051000178 0.996947765 -0.059110120 -0.184039831 -0.909823775 -0.021972246 0.414412767 55.777976990
0.362080872 0.074515320 0.929163575 4.767307281 -0.053607799 0.996814489 -0.059050526 -0.205818415 -0.930603921 -0.028429348 0.364922047 55.930694580
0.312744886 0.075315066 0.946846485 5.234800339 -0.051888153 0.996717572 -0.062143218 -0.222620368 -0.948418736 -0.029695140 0.315626293 56.061943054
0.265126556 0.071946442 0.961525738 5.728490829 -0.041025665 0.997150958 -0.063299887 -0.256031394 -0.963340402 -0.022664748 0.267322898 56.166965485
0.221446037 0.066055834 0.972932816 6.209769249 -0.027527800 0.997728944 -0.061473828 -0.282019973 -0.974784136 -0.013169562 0.222761497 56.218879700
0.179312617 0.064750470 0.981658936 6.723639488 -0.018246133 0.997878909 -0.062487438 -0.313440084 -0.983622968 -0.006706690 0.180113703 56.272994995
0.140394986 0.066356726 0.987869442 7.262325764 -0.015090989 0.997779071 -0.064877652 -0.335391462 -0.989980578 -0.005799429 0.141084552 56.338367462
0.108002715 0.066826880 0.991901994 7.815146923 -0.006700284 0.997764468 -0.066492289 -0.376088262 -0.994127989 0.000535320 0.108209021 56.370376587
0.079106621 0.065651715 0.994701982 8.356932640 0.000828821 0.997824430 -0.065923706 -0.403272629 -0.996865809 0.006039433 0.078880094 56.384735107
0.054095179 0.063777953 0.996496975 8.927010536 0.007524007 0.997903883 -0.064276449 -0.439277470 -0.998507440 0.010974695 0.053501904 56.396533966
0.034221523 0.063191622 0.997414529 9.510973930 0.012683862 0.997891188 -0.063657008 -0.459793031 -0.999333799 0.014829509 0.033347841 56.404262543
0.018319078 0.064807102 0.997729719 10.099437714 0.015529634 0.997758269 -0.065094091 -0.491693199 -0.999711573 0.016686840 0.017271586 56.406879425
0.004765547 0.064747609 0.997890234 10.680761337 0.016029336 0.997768462 -0.064816259 -0.523445666 -0.999860168 0.016304404 0.003717052 56.396072388
-0.006680703 0.065731026 0.997814953 11.291909218 0.017009770 0.997700393 -0.065609597 -0.558570743 -0.999832988 0.016534287 -0.007783409 56.386703491
-0.015581856 0.068702504 0.997515500 11.915412903 0.021955827 0.997419596 -0.068352930 -0.590959072 -0.999637544 0.020836212 -0.017050069 56.365036011
-0.022193410 0.070370540 0.997273982 12.528427124 0.025646880 0.997231483 -0.069796793 -0.629209757 -0.999424696 0.024027942 -0.023936752 56.339378357
-0.026722677 0.069965690 0.997191429 13.205457687 0.026267882 0.997252285 -0.069266051 -0.661606193 -0.999297678 0.024343129 -0.028487103 56.318923950
-0.030455135 0.067302950 0.997267544 13.864186287 0.023929691 0.997493565 -0.066587411 -0.696597099 -0.999249637 0.021836378 -0.031989340 56.309406281
-0.032740075 0.060379371 0.997638404 14.527164459 0.022041634 0.997974396 -0.059676357 -0.731553853 -0.999220729 0.020035774 -0.034004617 56.282855988
-0.034287106 0.054705128 0.997913659 15.239120483 0.022909502 0.998281479 -0.053938139 -0.769979715 -0.999149442 0.021012321 -0.035481449 56.268249512
-0.034690846 0.052103505 0.998038948 15.946844101 0.025792059 0.998354077 -0.051223453 -0.805735409 -0.999065220 0.023964493 -0.035977606 56.229259491
-0.034467559 0.054396804 0.997924328 16.641662598 0.029188372 0.998146534 -0.053400766 -0.842803061 -0.998979509 0.027287191 -0.035991430 56.201248169
-0.033650652 0.062042966 0.997506022 17.334571838 0.030027371 0.997683525 -0.061041038 -0.871158361 -0.998982489 0.027898414 -0.035435684 56.182193756
-0.031848017 0.070055515 0.997034490 18.039134979 0.030461159 0.997145295 -0.069090277 -0.906192183 -0.999028444 0.028170440 -0.033891078 56.167190552
-0.029262409 0.070664316 0.997070849 18.778907776 0.031392321 0.997071028 -0.069743007 -0.942874193 -0.999078691 0.029259523 -0.031395011 56.142398834
-0.027261598 0.066517904 0.997412682 19.537948608 0.031007025 0.997359753 -0.065666869 -0.983382583 -0.999147296 0.029136622 -0.029252140 56.117012024
-0.024663094 0.060073048 0.997889221 20.277616501 0.030556308 0.997771800 -0.059310764 -1.026604772 -0.999228716 0.029029027 -0.026443750 56.098781586
-0.021832766 0.058405351 0.998054206 21.020252228 0.028853180 0.997913241 -0.057765916 -1.070191383 -0.999345124 0.027535850 -0.023472384 56.090114594
-0.018357851 0.063967623 0.997783124 21.756992340 0.036355119 0.997334063 -0.063269950 -1.112684131 -0.999170244 0.035113018 -0.020634461 56.069267273
-0.014873598 0.069631919 0.997461915 22.489183426 0.038060050 0.996888697 -0.069024377 -1.151874304 -0.999164760 0.036936805 -0.017477520 56.049774170
-0.012832307 0.069819696 0.997477114 23.253099442 0.032172836 0.997071564 -0.069377430 -1.203113675 -0.999399960 0.031201396 -0.015041026 56.063312531
-0.009973310 0.066631228 0.997727752 23.994882584 0.027616801 0.997415185 -0.066334292 -1.242944002 -0.999568880 0.026892480 -0.011787672 56.072364807
-0.004893693 0.062836118 0.998011827 24.736974716 0.031922482 0.997524917 -0.062648937 -1.293534517 -0.999478400 0.031552434 -0.006887466 56.060146332
-0.001587478 0.063836314 0.997959137 25.477533340 0.036358953 0.997304142 -0.063736588 -1.341512442 -0.999337554 0.036183570 -0.003904222 56.056880951
0.001599033 0.068117246 0.997676015 26.218997955 0.035746537 0.997035742 -0.068130821 -1.392517209 -0.999359608 0.035772402 -0.000840663 56.047344208
0.005596302 0.068998113 0.997601032 26.961908340 0.032042995 0.997092068 -0.069142662 -1.433832526 -0.999470830 0.032353062 0.003369122 56.060100555
0.009342380 0.068307191 0.997620523 27.697519302 0.031203549 0.997158349 -0.068567768 -1.481491923 -0.999469340 0.031769890 0.007184405 56.067592621
0.013160573 0.065393075 0.997772753 28.455005646 0.034970641 0.997218609 -0.065818034 -1.527892232 -0.999301732 0.035758957 0.010837131 56.068515778
0.016175490 0.065724202 0.997706711 29.186862946 0.040045068 0.996994078 -0.066326499 -1.580180407 -0.999066949 0.041026097 0.013494938 56.084114075
0.020169940 0.066753738 0.997565448 29.950000763 0.043338183 0.996772289 -0.067576922 -1.629199505 -0.998856843 0.044595700 0.017211854 56.089855194
0.022762826 0.066767737 0.997508764 30.699314117 0.044065822 0.996730685 -0.067721210 -1.672735691 -0.998769283 0.045497574 0.019746231 56.110191345
0.026323818 0.065115936 0.997530460 31.448974609 0.045296751 0.996773481 -0.066261880 -1.721852303 -0.998626649 0.046929151 0.023289349 56.134315491
0.030376239 0.064471915 0.997457087 32.195320129 0.047284734 0.996707678 -0.065863483 -1.764611483 -0.998419464 0.049165178 0.027227692 56.148185730
0.032934733 0.064363435 0.997382879 32.915611267 0.045674201 0.996784747 -0.065833062 -1.817607880 -0.998413324 0.047722865 0.029889092 56.180091858
0.035539135 0.065959409 0.997189164 33.702590942 0.042453326 0.996819139 -0.067447953 -1.867130756 -0.998466194 0.044731036 0.032625891 56.217956543
0.038576134 0.066323146 0.997052133 34.458686829 0.044349000 0.996698022 -0.068015456 -1.907073975 -0.998271048 0.046842031 0.035507388 56.242832184
0.041391134 0.066348232 0.996937633 35.218650818 0.042271864 0.996783018 -0.068092987 -1.949992657 -0.998248398 0.044960860 0.038453326 56.278366089
0.043446101 0.066176310 0.996861637 35.969936371 0.040350277 0.996873438 -0.067935675 -2.002686739 -0.998240590 0.043175183 0.040640034 56.321434021
0.046446353 0.066427693 0.996709645 36.734859467 0.037227623 0.996978223 -0.068180375 -2.050783157 -0.998226821 0.040271863 0.043833051 56.357902527
0.049179722 0.068291411 0.996452570 37.488048553 0.036574330 0.996867597 -0.070124961 -2.096580744 -0.998120070 0.039893314 0.046527948 56.405788422
0.052293677 0.072004065 0.996032655 38.252853394 0.034293465 0.996679485 -0.073851310 -2.151521444 -0.998042762 0.038019363 0.049650773 56.459037781
0.056112405 0.074155457 0.995666862 39.026100159 0.034545485 0.996496737 -0.076164126 -2.203516006 -0.997826636 0.038669545 0.053354088 56.500427246
0.058940671 0.075763203 0.995382369 39.793167114 0.028877992 0.996569157 -0.077563517 -2.261208534 -0.997843802 0.033316288 0.056550562 56.558006287
0.060973518 0.075310729 0.995294213 40.563621521 0.024914628 0.996724010 -0.076945230 -2.313107729 -0.997828424 0.029489012 0.058897428 56.626407623
0.064790405 0.075431295 0.995043933 41.324211121 0.027797829 0.996615708 -0.077360436 -2.365405321 -0.997511685 0.032672275 0.062474299 56.677299500
0.068492964 0.077087216 0.994668841 42.128288269 0.025811736 0.996539772 -0.079009593 -2.428870678 -0.997317612 0.031085737 0.066266209 56.738307953
0.072107896 0.078494906 0.994303286 42.911762238 0.022202948 0.996524990 -0.080280475 -2.477934837 -0.997149706 0.027865322 0.070114508 56.809108734
0.076076366 0.076113045 0.994192660 43.701545715 0.021243086 0.996732354 -0.077932969 -2.536294460 -0.996875703 0.027048582 0.074210897 56.877063751
0.080568492 0.076011531 0.993846416 44.505336761 0.021144515 0.996733308 -0.077946432 -2.603197813 -0.996524751 0.027294427 0.078698069 56.955715179
0.085857779 0.079743639 0.993110955 45.274105072 0.017476484 0.996517777 -0.081528105 -2.658272266 -0.996154130 0.024355913 0.084165178 57.019962311
0.091682956 0.088349730 0.991861105 46.060462952 0.015365489 0.995812178 -0.090121977 -2.719505072 -0.995669782 0.023503076 0.089941457 57.103858948
0.099034660 0.093193740 0.990710437 46.861328125 0.014308777 0.995368421 -0.095062263 -2.781305552 -0.994981170 0.023590315 0.097242489 57.192031860
0.106270097 0.096440777 0.989649355 47.658943176 0.009389906 0.995143712 -0.097984508 -2.847668886 -0.994292974 0.019705538 0.104848444 57.286937714
0.113412924 0.094469950 0.989046454 48.461471558 0.006038947 0.995385349 -0.095767878 -2.917902946 -0.993529558 0.016834116 0.112319067 57.389915466
0.120460294 0.092981830 0.988354087 49.268390656 0.005953820 0.995518327 -0.094381474 -2.987010956 -0.992700338 0.017253699 0.119366817 57.503654480
0.128222272 0.089438371 0.987704277 50.094322205 0.005779413 0.995840907 -0.090925418 -3.056207418 -0.991728604 0.017367013 0.127172083 57.614395142
0.135222703 0.083616607 0.987280548 50.897949219 0.003505970 0.996385992 -0.084867969 -3.131113529 -0.990809023 0.014937455 0.134440854 57.737991333
0.143052578 0.076932199 0.986720562 51.714282990 0.001061379 0.996961772 -0.077884562 -3.180600882 -0.989714444 0.012188872 0.142536327 57.849918365
0.150238112 0.073832519 0.985889077 52.514839172 0.000557143 0.997201025 -0.074764580 -3.257426739 -0.988649607 0.011781771 0.149776489 57.980018616
0.157322675 0.075411506 0.984663665 53.313941956 0.000363443 0.997075677 -0.076420143 -3.320626259 -0.987547159 0.012380491 0.156835198 58.117103577
0.163026839 0.081986859 0.983209133 54.095825195 0.001096584 0.996525705 -0.083279110 -3.378205776 -0.986620963 0.014654903 0.162370533 58.249221802
0.168352455 0.086010359 0.981967151 54.870479584 -0.000192527 0.996188819 -0.087223023 -3.430619240 -0.985726774 0.014495156 0.167727396 58.384281158
0.173196837 0.089081615 0.980850279 55.643775940 -0.001265594 0.995920479 -0.090226799 -3.496010780 -0.984886408 0.014385642 0.172602996 58.535324097
0.178088263 0.088159673 0.980057359 56.416805267 -0.004316212 0.996038973 -0.088812970 -3.573670864 -0.984005094 0.011586415 0.177763373 58.691104889
0.183672443 0.085125282 0.979294658 57.188041687 -0.001267832 0.996262968 -0.086362459 -3.647361755 -0.982986808 0.014620824 0.183093950 58.826927185
0.188147232 0.078833811 0.978971779 57.947334290 -0.000110128 0.996775031 -0.080246277 -3.699732542 -0.982140899 0.014990306 0.187549129 58.975605011
0.191391885 0.072798431 0.978810191 58.695228577 -0.002031345 0.997272909 -0.073774382 -3.758637428 -0.981511593 0.012131519 0.191017792 59.126041412
0.194692045 0.069444135 0.978403032 59.429481506 -0.005566541 0.997552812 -0.069695637 -3.816516876 -0.980848730 0.008122867 0.194602177 59.282375336
0.198035538 0.069428258 0.977732956 60.161506653 -0.007437659 0.997566044 -0.069330141 -3.869399071 -0.980166674 0.006457787 0.198069900 59.433670044
0.199991286 0.071277335 0.977201581 60.881393433 -0.009135908 0.997442722 -0.070883989 -3.922062397 -0.979755104 0.005248558 0.200131059 59.592033386
0.201392740 0.075490274 0.976597250 61.581989288 -0.013359959 0.997144759 -0.074323483 -3.976016283 -0.979419470 0.001920914 0.201826274 59.748443604
0.203325704 0.079651289 0.975865960 62.269786835 -0.014323412 0.996820867 -0.078377306 -4.027156830 -0.979006469 0.001958393 0.203820199 59.901439667
0.205076426 0.084952958 0.975052118 62.949787140 -0.014388150 0.996379912 -0.083785005 -4.080217838 -0.978640258 0.003153134 0.205556393 60.058994293
0.206983909 0.086914040 0.974476039 63.627090454 -0.014152063 0.996207952 -0.085846335 -4.137551785 -0.978242040 0.003977965 0.207429022 60.200958252
0.208747908 0.086618818 0.974125981 64.300674438 -0.016138949 0.996239424 -0.085126683 -4.190946579 -0.977836430 0.002048644 0.209360838 60.343181610
0.209269911 0.083861768 0.974255264 64.975105286 -0.015979718 0.996475995 -0.082342051 -4.248456001 -0.977727354 0.001663388 0.209872544 60.500686646
0.209946051 0.081497058 0.974310398 65.629226685 -0.016032584 0.996672928 -0.079912856 -4.301159859 -0.977581561 0.001156669 0.210554153 60.642959595
0.210068673 0.080009587 0.974407315 66.277061462 -0.014837066 0.996791959 -0.078648947 -4.355120659 -0.977573991 0.002064337 0.210581899 60.781909943
0.207797199 0.079762608 0.974914491 66.911407471 -0.015531160 0.996813238 -0.078243874 -4.402386665 -0.978048563 0.001117306 0.208373830 60.930938721
0.206814736 0.080083117 0.975097060 67.528228760 -0.016504666 0.996788144 -0.078363962 -4.458726406 -0.978240848 0.000113171 0.207472220 61.055225372
0.204003334 0.083444461 0.975407422 68.145790100 -0.017751422 0.996512175 -0.081537306 -4.507935524 -0.978809357 -0.000680990 0.204773039 61.201881409
0.201751217 0.087216437 0.975545883 68.743644714 -0.015825421 0.996187627 -0.085789032 -4.558746338 -0.979308963 0.001869620 0.202362299 61.325057983
0.200014353 0.087971419 0.975835621 69.349166870 -0.013657073 0.996114612 -0.087000318 -4.606164932 -0.979697824 0.004074249 0.200438619 61.452529907
0.198393017 0.086973533 0.976255953 69.939056396 -0.014299236 0.996205926 -0.085844979 -4.650824547 -0.980018258 0.003071327 0.198883936 61.565612793
0.195774868 0.084295668 0.977019191 70.532180786 -0.015055299 0.996439636 -0.082954474 -4.701965332 -0.980533421 0.001531080 0.196346909 61.690139771
0.193661928 0.080285214 0.977777839 71.110031128 -0.014479947 0.996771276 -0.078976832 -4.753145695 -0.980961561 0.001136632 0.194199190 61.807628632
0.191899732 0.079411075 0.978196502 71.664154053 -0.010921854 0.996832073 -0.078781337 -4.800368309 -0.981353760 0.004434396 0.192159101 61.907966614
0.190109387 0.080681987 0.978442192 72.223434448 -0.007591525 0.996708393 -0.080713227 -4.850355148 -0.981733561 0.007916475 0.190096155 62.019634247
0.187638983 0.082662322 0.978753626 72.772201538 -0.003232019 0.996499002 -0.083541431 -4.890863419 -0.982232809 0.012512278 0.187249228 62.122421265
0.186221585 0.084655784 0.978853881 73.318702698 -0.003806073 0.996335685 -0.085443608 -4.930968285 -0.982500434 0.012185856 0.185861394 62.219734192
0.184579685 0.087129958 0.978947759 73.851776123 -0.004479816 0.996126831 -0.087814301 -4.977652073 -0.982807338 0.011823228 0.184255078 62.322689056
0.183584973 0.085182816 0.979306161 74.408126831 -0.002102466 0.996270120 -0.086264253 -5.028726578 -0.983001530 0.013777862 0.183079317 62.425922394
0.184737548 0.083669558 0.979219735 74.947708130 0.003793944 0.996301293 -0.085844852 -5.067759514 -0.982780576 0.019573867 0.183736816 62.510192871
0.186861411 0.081898510 0.978966475 75.502578735 0.008846098 0.996338248 -0.085040316 -5.106925964 -0.982346416 0.024550786 0.185452715 62.610649109
0.189186558 0.081042647 0.978591084 76.050437927 0.011857609 0.996327102 -0.084803842 -5.150608063 -0.981869578 0.027647499 0.187530741 62.704769135
0.192516372 0.081169911 0.977930903 76.600769043 0.008870736 0.996388316 -0.084448211 -5.193166733 -0.981253684 0.024932628 0.191101044 62.819458008
0.197468892 0.081484392 0.976916730 77.163566589 0.007976133 0.996372879 -0.084719487 -5.242329597 -0.980276763 0.024521479 0.196102723 62.955963135
0.204551935 0.080483221 0.975541353 77.733009338 0.009357811 0.996407747 -0.084166870 -5.283736229 -0.978811026 0.026345428 0.203064010 63.071998596
0.211288661 0.081554644 0.974015355 78.247222900 0.006483738 0.996374011 -0.084833227 -5.310515881 -0.977402091 0.024239561 0.209993780 63.192840576
0.219609380 0.079500921 0.972343206 78.819450378 0.007167963 0.996515691 -0.083096251 -5.352513313 -0.975561619 0.025218436 0.218274340 63.331253052
0.228438541 0.079123840 0.970337629 79.393753052 0.003569274 0.996617079 -0.082107015 -5.401029587 -0.973551750 0.022219805 0.227383330 63.477890015
0.237867162 0.078830779 0.968093395 79.978530884 0.002291856 0.996652782 -0.081719466 -5.447958946 -0.971295059 0.021657107 0.236890271 63.633468628
0.247558087 0.082819074 0.965326905 80.562355042 -0.003088079 0.996402323 -0.084693201 -5.492958069 -0.968868196 0.017985485 0.246923208 63.801208496
0.257021099 0.084893018 0.962669909 81.169708252 -0.006715667 0.996267080 -0.086062782 -5.539183617 -0.966382504 0.015654979 0.256631762 63.980350494
0.267982900 0.087092102 0.959479094 81.774124146 -0.009874303 0.996101677 -0.087658443 -5.579303741 -0.963373065 0.014016779 0.267798185 64.173660278
0.277959794 0.088684902 0.956490099 82.384407043 -0.011247211 0.995961308 -0.089076146 -5.632872581 -0.960526943 0.014001739 0.277834654 64.365097046
0.287781715 0.089767084 0.953479707 83.009529114 -0.014102131 0.995886683 -0.089503221 -5.678084850 -0.957592249 0.012311296 0.287863940 64.567115784
0.298115760 0.090248376 0.950253725 83.639633179 -0.015614259 0.995848238 -0.089680076 -5.733616829 -0.954402030 0.011897539 0.298287243 64.773468018
0.308098495 0.091919675 0.946903408 84.267013550 -0.020364348 0.995730460 -0.090033464 -5.765003204 -0.951136410 0.008456109 0.308655053 64.998741150
0.318405688 0.087577932 0.943900347 84.925018311 -0.019832334 0.996120691 -0.085733049 -5.809165478 -0.947746992 0.008578151 0.318907380 65.231994629
0.329547733 0.079941437 0.940748513 85.588531494 -0.016035605 0.996739089 -0.079081997 -5.865908623 -0.944002688 0.010975819 0.329755038 65.456672668
0.340094477 0.075794198 0.937331855 86.242607117 -0.014919569 0.997056067 -0.075210288 -5.915362358 -0.940272868 0.011594019 0.340224117 65.709579468
0.350307494 0.072769649 0.933803678 86.923980713 -0.016009523 0.997296929 -0.071711734 -5.963667870 -0.936497927 0.010171411 0.350525647 65.975242615
0.359865069 0.070303850 0.930351853 87.607910156 -0.009667599 0.997384429 -0.071629800 -6.005028725 -0.932954192 0.016782803 0.359603554 66.241355896
0.368257523 0.064992636 0.927449405 88.307266235 -0.003349352 0.997639894 -0.068581454 -6.046149731 -0.929717839 0.022149285 0.367606014 66.516807556
0.375353098 0.055686016 0.925207615 89.025779724 0.006220139 0.998019874 -0.062591895 -6.088694572 -0.926860988 0.029248981 0.374263436 66.796112061
0.382728577 0.050809719 0.922462583 89.751724243 0.012042994 0.998127282 -0.059973992 -6.134652615 -0.923782349 0.034062974 0.381399989 67.089553833
0.389852494 0.050882295 0.919470549 90.457725525 0.013812643 0.998036921 -0.061086565 -6.183583736 -0.920773745 0.036515068 0.388384283 67.394714355
0.397226393 0.057479586 0.915918887 91.168304443 0.015997032 0.997451365 -0.069534041 -6.220337391 -0.917581260 0.042272739 0.395294458 67.704307556
0.404292196 0.062113453 0.912518382 91.880561829 0.019150369 0.996897817 -0.076341599 -6.268599033 -0.914429307 0.048339374 0.401848525 68.021484375
0.409620732 0.064017415 0.910006940 92.589500427 0.017683854 0.996790051 -0.078082472 -6.317533970 -0.912084460 0.048076626 0.407173783 68.346298218
0.414374650 0.065131523 0.907772779 93.289978027 0.010798316 0.997013867 -0.076463602 -6.382410049 -0.910042346 0.041486997 0.412433952 68.666442871
0.418341875 0.069069274 0.905659676 93.979820251 0.003955133 0.996956646 -0.077858880 -6.438486099 -0.908281028 0.036153641 0.416795433 69.006011963
0.422383428 0.072039053 0.903550029 94.662696838 0.003399958 0.996703744 -0.081055485 -6.498296738 -0.906410873 0.037308533 0.420746207 69.336334229
0.426236957 0.076774508 0.901347756 95.319671631 -0.000498184 0.996411800 -0.084636226 -6.552543640 -0.904611468 0.035626054 0.424745739 69.646278381
0.429875880 0.079143517 0.899412513 95.995178223 -0.002966928 0.996269226 -0.086248346 -6.614109039 -0.902883112 0.034407586 0.428506941 69.977645874
0.433776498 0.077849627 0.897651076 96.656074524 -0.004379191 0.996430755 -0.084300205 -6.673930168 -0.901009977 0.032636460 0.432569176 70.304672241
0.437849104 0.074384570 0.895965934 97.308715820 -0.003168666 0.996692896 -0.081198595 -6.737083435 -0.899042904 0.032713711 0.436636806 70.626739502
0.441528887 0.071632542 0.894383013 97.938827515 -0.003135821 0.996925056 -0.078297250 -6.787662506 -0.897241652 0.031765863 0.440395892 70.934890747
0.444917649 0.071266145 0.892731428 98.565383911 -0.005367934 0.997023106 -0.076916412 -6.852414608 -0.895555496 0.029429343 0.443975687 71.259994507
0.448023021 0.072792724 0.891053617 99.185668945 -0.006772477 0.996927500 -0.078036666 -6.901022911 -0.893996358 0.028927574 0.447139442 71.584304810
0.450906128 0.073271893 0.889558792 99.794860840 -0.005954063 0.996849656 -0.079091266 -6.954362392 -0.892551601 0.030366238 0.449921817 71.893821716
0.453144610 0.071288258 0.888581872 100.402221680 -0.003359959 0.996926844 -0.078266978 -7.004800797 -0.891430676 0.032480657 0.451991498 72.206977844
0.454584956 0.070529424 0.887906551 100.987518311 -0.002114987 0.996942759 -0.078107722 -7.055580616 -0.890700936 0.033628676 0.453344256 72.507949829
0.456331134 0.069904916 0.887059808 101.565322876 -0.002894819 0.997020721 -0.077081211 -7.111438751 -0.889805257 0.032606676 0.455173910 72.814979553
0.458162963 0.069617920 0.886137664 102.140258789 -0.001624098 0.996991992 -0.077487290 -7.156158447 -0.888866663 0.034062628 0.456897944 73.125381470
0.460971713 0.071492471 0.884530246 102.708526611 -0.002825968 0.996862710 -0.079099044 -7.209239960 -0.887410283 0.033962764 0.459727556 73.415328979
0.463852793 0.071218520 0.883045018 103.263298035 0.000674323 0.996734738 -0.080741949 -7.256556511 -0.885912061 0.038047824 0.462290198 73.706527710
0.466624439 0.070876300 0.881611109 103.814582825 0.002133801 0.996690869 -0.081257410 -7.304136276 -0.884452999 0.039797880 0.464929074 74.003814697
0.469711930 0.069115587 0.880110025 104.357254028 0.004933004 0.996709704 -0.080904946 -7.355847359 -0.882806003 0.042343605 0.467825443 74.294090271
0.473152310 0.068218410 0.878335416 104.880706787 0.006466494 0.996701658 -0.080895081 -7.400190353 -0.880956888 0.043955449 0.471150517 74.572662354
0.476309210 0.067624494 0.876673579 105.390747070 0.007610278 0.996683776 -0.081016555 -7.446509838 -0.879244983 0.045260660 0.474214941 74.852096558
0.479742438 0.066762537 0.874865651 105.913894653 0.007804198 0.996736765 -0.080342256 -7.498815536 -0.877374649 0.045371216 0.477655977 75.151992798
0.483444721 0.066323705 0.872858763 106.428237915 0.009556343 0.996666312 -0.081024058 -7.541930676 -0.875322819 0.047511995 0.481199205 75.431884766
0.487579882 0.067100689 0.870495975 106.930084229 0.009137733 0.996595442 -0.081939042 -7.591238976 -0.873030603 0.047906194 0.485306799 75.711402893
0.491483688 0.067614041 0.868258119 107.430709839 0.011249440 0.996405602 -0.083961122 -7.633912086 -0.870814145 0.051032934 0.488956511 76.006332397
0.496142507 0.070603296 0.865365684 107.924606323 0.009489129 0.996187747 -0.086717211 -7.683588028 -0.868189216 0.051235661 0.493581116 76.300735474
0.501746416 0.076514959 0.861624002 108.401802063 0.006051834 0.995745301 -0.091949500 -7.727877140 -0.864993632 0.051349737 0.499148548 76.586631775
0.507402658 0.083756052 0.857629001 108.876182556 0.000613480 0.995229721 -0.097557098 -7.778661251 -0.861708879 0.050026871 0.504930854 76.876647949
0.513588607 0.089957029 0.853307962 109.356323242 -0.004170050 0.994738996 -0.102357037 -7.825181007 -0.858026445 0.049011067 0.511261821 77.180168152
0.519475996 0.094615966 0.849230468 109.834815979 -0.008063480 0.994349182 -0.105851732 -7.880509853 -0.854447067 0.048139676 0.517303526 77.496749878
0.525174022 0.094871096 0.845690012 110.318595886 -0.012288717 0.994508266 -0.103934489 -7.934055328 -0.850906134 0.044191252 0.523455858 77.805015564
0.530786753 0.094241336 0.842249393 110.820930481 -0.019052668 0.994873881 -0.099311866 -7.984284878 -0.847291231 0.036666315 0.529861450 78.134483337
0.536759198 0.091728337 0.838734448 111.320594788 -0.024983414 0.995364726 -0.092869774 -8.035734177 -0.843365490 0.028894259 0.536562860 78.471382141
0.542511463 0.089954607 0.835218251 111.821647644 -0.031254757 0.995723128 -0.086939946 -8.089956284 -0.839466751 0.021061372 0.543002725 78.820892334
0.548488379 0.088053271 0.831508934 112.332794189 -0.034109984 0.995968163 -0.082968831 -8.143524170 -0.835462153 0.017144691 0.549280465 79.172302246
0.554669499 0.091686763 0.827003837 112.845779419 -0.039545596 0.995692074 -0.083865456 -8.191852570 -0.831130505 0.013813254 0.555905819 79.533348083
0.560828745 0.095493764 0.822406292 113.364280701 -0.043503352 0.995352745 -0.085908934 -8.240037918 -0.826788127 0.012402770 0.562376678 79.904747009
0.566905081 0.098692477 0.817849994 113.891693115 -0.045990527 0.995040894 -0.088195644 -8.286598206 -0.822498441 0.012385209 0.568632662 80.292900085
0.572810948 0.101349846 0.813397706 114.420555115 -0.048906833 0.994784474 -0.089509577 -8.335285187 -0.818227232 0.011491360 0.574780107 80.681800842
