1.000000000 -0.000000000 0.000000000 0.000000000 -0.000000000 1.000000000 0.000000000 0.000000000 0.000000000 0.000000000 1.000000000 0.000000000
0.999997318 0.001028665 0.002061466 -0.009074079 -0.001026456 0.999998927 -0.001072279 -0.016869783 -0.002062567 0.001070161 0.999997318 1.206347466
0.999995649 0.000544490 0.002896479 -0.005015305 -0.000541298 0.999999225 -0.001102909 -0.030876523 -0.002897077 0.001101337 0.999995172 2.434791088
0.999993205 0.000080805 0.003688349 0.000435796 -0.000078157 0.999999702 -0.000718084 -0.050729137 -0.003688406 0.000717791 0.999992907 3.648974895
0.999988914 -0.000102790 0.004730195 0.000023032 0.000106593 0.999999702 -0.000803942 -0.071813829 -0.004730111 0.000804437 0.999988437 4.843955994
0.999989688 -0.000712138 0.004483188 0.018032681 0.000715019 0.999999523 -0.000640990 -0.093843035 -0.004482729 0.000644189 0.999989748 6.096315861
0.999987066 -0.000436028 0.005052403 0.020757327 0.000444348 0.999998510 -0.001645610 -0.116323285 -0.005051679 0.001647834 0.999985874 7.296001434
0.999980509 -0.000550413 0.006224667 0.020333260 0.000560805 0.999998450 -0.001667739 -0.143364221 -0.006223739 0.001671197 0.999979258 8.513828278
0.999977171 -0.000857888 0.006702457 0.018391524 0.000860495 0.999999702 -0.000386102 -0.164128691 -0.006702122 0.000391860 0.999977469 9.711385727
0.999984980 -0.001092217 0.005363579 0.016637247 0.001088258 0.999999225 0.000741025 -0.189011812 -0.005364384 -0.000735177 0.999985337 10.900846481
0.999990761 -0.003018566 0.003059980 0.016739989 0.003018210 0.999995410 0.000120908 -0.208640233 -0.003060331 -0.000111672 0.999995291 12.105374336
0.999995708 -0.002585749 0.001361280 0.004141539 0.002586214 0.999996603 -0.000339834 -0.227264434 -0.001360397 0.000343353 0.999998987 13.305439949
0.999995530 -0.002911080 -0.000526804 0.013403557 0.002910790 0.999995530 -0.000551559 -0.250303835 0.000528408 0.000550023 0.999999762 14.503936768
0.999998331 -0.001297680 -0.001213582 -0.000210630 0.001297081 0.999998987 -0.000494303 -0.273903549 0.001214222 0.000492729 0.999999166 15.688005447
0.999997318 -0.001531055 -0.001683375 -0.008277318 0.001530325 0.999998689 -0.000435299 -0.294060320 0.001684039 0.000432722 0.999998510 16.886672974
0.999993861 -0.002295928 -0.002635602 -0.010718912 0.002295413 0.999997318 -0.000198464 -0.312934369 0.002636051 0.000192413 0.999996543 18.076576233
0.999993920 -0.002311839 -0.002642762 -0.024426306 0.002312921 0.999997258 0.000406257 -0.339396536 0.002641816 -0.000412367 0.999996364 19.263353348
0.999990404 -0.002015201 -0.003890386 -0.030526973 0.002013930 0.999997973 -0.000330807 -0.363075823 0.003891044 0.000322969 0.999992371 20.457662582
0.999988794 -0.002967014 -0.003720940 -0.054105997 0.002961818 0.999994636 -0.001401154 -0.384080172 0.003725078 0.001390117 0.999992073 21.662080765
0.999987900 -0.001915558 -0.004528103 -0.064682126 0.001911279 0.999997735 -0.000949030 -0.403871268 0.004529911 0.000940364 0.999989271 22.862436295
0.999983966 -0.001953078 -0.005311727 -0.075527310 0.001947656 0.999997556 -0.001025690 -0.432621151 0.005313718 0.001015328 0.999985278 24.045259476
0.999978781 -0.001688989 -0.006290650 -0.088861309 0.001678814 0.999997258 -0.001622483 -0.454960376 0.006293373 0.001611887 0.999978840 25.236522675
0.999973655 -0.001883537 -0.007001690 -0.106802493 0.001879296 0.999998033 -0.000612268 -0.481888622 0.007002829 0.000599093 0.999975204 26.421457291
0.999962986 -0.003626679 -0.007800116 -0.120424688 0.003634720 0.999992847 0.001017056 -0.501962125 0.007796371 -0.001045370 0.999969006 27.626844406
0.999956727 -0.002965930 -0.008813826 -0.137689516 0.002972057 0.999995351 0.000682142 -0.517747104 0.008811763 -0.000708308 0.999960899 28.819225311
0.999944746 -0.003896506 -0.009760804 -0.152542993 0.003897215 0.999992371 0.000053528 -0.540603280 0.009760520 -0.000091565 0.999952316 30.015600204
0.999938309 -0.004172741 -0.010293575 -0.174891829 0.004170032 0.999991238 -0.000284587 -0.566331863 0.010294671 0.000241645 0.999946952 31.182834625
0.999926984 -0.004218892 -0.011320464 -0.185762495 0.004212341 0.999990940 -0.000602495 -0.579622030 0.011322904 0.000554766 0.999935687 32.372100830
0.999913156 -0.004312379 -0.012451646 -0.200705871 0.004309142 0.999990642 -0.000286799 -0.598788977 0.012452767 0.000233118 0.999922395 33.576778412
0.999912202 -0.005042910 -0.012250527 -0.222723037 0.005032328 0.999986947 -0.000894411 -0.602585018 0.012254877 0.000832684 0.999924600 34.775970459
0.999901354 -0.005797376 -0.012791388 -0.239367336 0.005791045 0.999983072 -0.000531927 -0.630126417 0.012794253 0.000457799 0.999918103 35.974887848
0.999906182 -0.004500694 -0.012947612 -0.272043675 0.004490822 0.999989629 -0.000791473 -0.649116278 0.012951044 0.000733253 0.999915898 37.175155640
0.999899566 -0.005661147 -0.012993239 -0.287016988 0.005667460 0.999983847 0.000449067 -0.681139350 0.012990486 -0.000522660 0.999915421 38.365623474
0.999905288 -0.004699661 -0.012938002 -0.309629500 0.004713485 0.999988377 0.001038217 -0.686793566 0.012932971 -0.001099102 0.999915779 39.576869965
0.999898612 -0.004661646 -0.013460970 -0.323016793 0.004693300 0.999986351 0.002320815 -0.715581179 0.013449967 -0.002383756 0.999906719 40.756477356
0.999905109 -0.004456300 -0.013036815 -0.361535430 0.004486478 0.999987304 0.002286487 -0.745925784 0.013026462 -0.002344760 0.999912381 41.918941498
0.999904096 -0.003764978 -0.013332006 -0.375487119 0.003791805 0.999990821 0.001987505 -0.759072781 0.013324403 -0.002037867 0.999909163 43.105384827
0.999917269 -0.001311192 -0.012797499 -0.398812532 0.001362925 0.999990940 0.004034527 -0.777389646 0.012792095 -0.004051635 0.999909937 44.322978973
0.999944210 -0.000756770 -0.010532402 -0.444525898 0.000831274 0.999974668 0.007071149 -0.795859218 0.010526787 -0.007079509 0.999919474 45.555591583
0.999960184 -0.000352738 -0.008910501 -0.463993549 0.000437901 0.999954224 0.009557379 -0.804053664 0.008906723 -0.009560901 0.999914587 46.751186371
0.999973118 -0.000135077 -0.007326857 -0.471671790 0.000232074 0.999912322 0.013239302 -0.815387249 0.007324428 -0.013240645 0.999885499 47.955093384
0.999988139 0.000156729 -0.004850695 -0.490857720 -0.000087262 0.999897480 0.014317944 -0.812951446 0.004852442 -0.014317352 0.999885678 49.218532562
0.999992549 -0.001749261 -0.003405831 -0.498527408 0.001792973 0.999915540 0.012873994 -0.817429841 0.003383023 -0.012880007 0.999911249 50.432121277
0.999998987 -0.000021438 -0.001405398 -0.517408967 0.000036725 0.999940813 0.010878118 -0.816129208 0.001405082 -0.010878160 0.999939799 51.619289398
0.999999821 0.000045871 -0.000583533 -0.525703192 -0.000039859 0.999946952 0.010298637 -0.819658458 0.000583974 -0.010298612 0.999946773 52.828594208
0.999999702 -0.000414443 -0.000697425 -0.532691121 0.000421465 0.999948978 0.010097490 -0.831576586 0.000693204 -0.010097780 0.999948740 54.021205902
0.999997556 -0.001312429 -0.001753310 -0.528708458 0.001327624 0.999961317 0.008693757 -0.839073181 0.001741832 -0.008696064 0.999960601 55.227497101
0.999991059 -0.001249253 -0.004031847 -0.531132340 0.001285740 0.999958098 0.009059773 -0.845919609 0.004020360 -0.009064876 0.999950767 56.438835144
0.999989927 -0.000745829 -0.004416574 -0.549422860 0.000790594 0.999948263 0.010142553 -0.853116095 0.004408780 -0.010145943 0.999938786 57.622493744
0.999984980 -0.001313589 -0.005326110 -0.560957015 0.001369771 0.999943316 0.010558639 -0.863264740 0.005311939 -0.010565775 0.999930084 58.830375671
0.999976873 -0.000131394 -0.006793011 -0.570311487 0.000201794 0.999946296 0.010363966 -0.870572448 0.006791284 -0.010365101 0.999923229 60.021595001
0.999970317 0.000368927 -0.007692433 -0.583430946 -0.000293072 0.999951363 0.009859868 -0.874383748 0.007695697 -0.009857323 0.999921799 61.222965240
0.999970973 -0.000436847 -0.007597400 -0.594976902 0.000510012 0.999953508 0.009631035 -0.889446855 0.007592840 -0.009634631 0.999924719 62.417209625
0.999967515 -0.001925067 -0.007819769 -0.606879056 0.001997698 0.999954879 0.009290903 -0.906687975 0.007801529 -0.009306222 0.999926269 63.623764038
0.999965131 -0.001801964 -0.008153207 -0.621188998 0.001883019 0.999948800 0.009944890 -0.908094227 0.008134869 -0.009959896 0.999917209 64.813270569
0.999962687 -0.002155364 -0.008355081 -0.637226760 0.002251371 0.999931335 0.011498395 -0.917485237 0.008329725 -0.011516776 0.999898970 66.011978149
0.999961853 -0.001595948 -0.008583941 -0.651438534 0.001678252 0.999952555 0.009589477 -0.923714519 0.008568228 -0.009603516 0.999917150 67.209327698
0.999963403 0.000460825 -0.008540990 -0.668419957 -0.000388634 0.999964356 0.008452028 -0.929554760 0.008544579 -0.008448400 0.999927759 68.392654419
0.999958217 0.002509517 -0.008780841 -0.685485661 -0.002431232 0.999957323 0.008914789 -0.941742778 0.008802838 -0.008893070 0.999921679 69.590644836
0.999956310 0.004879691 -0.007960251 -0.716898680 -0.004809657 0.999949753 0.008793580 -0.948033988 0.008002760 -0.008754911 0.999929607 70.764511108
0.999948382 0.006020219 -0.008175810 -0.730808318 -0.005948637 0.999944031 0.008751656 -0.951845229 0.008228040 -0.008702569 0.999928176 71.949089050
0.999947965 0.007389756 -0.007023750 -0.746874988 -0.007318538 0.999921978 0.010111879 -0.966684341 0.007097928 -0.010059950 0.999924183 73.127349854
0.999947369 0.009187733 -0.004550641 -0.772783279 -0.009136930 0.999897063 0.011061876 -0.980127752 0.004651807 -0.011019716 0.999928474 74.284431458
0.999968112 0.007699143 -0.002130468 -0.780634165 -0.007680070 0.999931693 0.008820491 -0.991790593 0.002198233 -0.008803847 0.999958813 75.470748901
0.999986112 0.005240363 0.000609883 -0.784949005 -0.005242554 0.999979556 0.003648020 -1.004124880 -0.000590754 -0.003651167 0.999993145 76.599510193
0.999975860 0.006156181 0.003221421 -0.789277434 -0.006166215 0.999976158 0.003114432 -1.016381860 -0.003202171 -0.003134221 0.999989986 77.784111023
0.999967933 0.005069750 0.006199551 -0.791456938 -0.005112425 0.999963224 0.006887165 -1.033180952 -0.006164406 -0.006918638 0.999957085 78.927276611
0.999934018 0.005936841 0.009834359 -0.790471792 -0.006014657 0.999950647 0.007902198 -1.045985699 -0.009786961 -0.007960824 0.999920487 80.088836670
0.999880254 0.006079217 0.014229945 -0.789491177 -0.006168782 0.999961376 0.006258658 -1.057632446 -0.014191346 -0.006345691 0.999879062 81.246696472
0.999835551 0.004877983 0.017467495 -0.770153761 -0.004938768 0.999981880 0.003438478 -1.074465990 -0.017450403 -0.003524181 0.999841392 82.410430908
0.999761701 0.003955262 0.021468576 -0.760974169 -0.003952110 0.999992132 -0.000189279 -1.092580795 -0.021469153 0.000104387 0.999769628 83.557556152
0.999692500 0.002730886 0.024646007 -0.732996464 -0.002711840 0.999995947 -0.000806164 -1.114088058 -0.024648108 0.000739080 0.999695957 84.715782166
0.999590814 0.003020033 0.028445598 -0.708693504 -0.003040394 0.999995112 0.000672544 -1.138030887 -0.028443433 -0.000758754 0.999595106 85.860984802
0.999466002 0.004430826 0.032376770 -0.684225798 -0.004471289 0.999989271 0.001177474 -1.160824776 -0.032371212 -0.001321612 0.999474943 87.026771545
0.999342740 0.003727513 0.036058210 -0.648475885 -0.003690965 0.999992609 -0.001080109 -1.177827120 -0.036061969 0.000946310 0.999348998 88.174156189
0.999229729 0.003403769 0.039095767 -0.606011868 -0.003279001 0.999989390 -0.003255023 -1.200532198 -0.039106421 0.003124320 0.999230146 89.319717407
0.999092996 0.003553330 0.042432841 -0.566789150 -0.003403376 0.999987662 -0.003605647 -1.226138234 -0.042445134 0.003457962 0.999092817 90.457633972
0.998962164 0.002300782 0.045487951 -0.520039082 -0.002188112 0.999994397 -0.002526570 -1.248121977 -0.045493502 0.002424415 0.998961806 91.605010986
0.998832941 0.001877437 0.048262257 -0.470441818 -0.001840590 0.999998033 -0.000807915 -1.271295190 -0.048263669 0.000718141 0.998834372 92.763641357
0.998699069 0.000988541 0.050984446 -0.416823864 -0.001025618 0.999999166 0.000701057 -1.288745642 -0.050983723 -0.000752435 0.998699188 93.929885864
0.998572230 -0.000563056 0.053414650 -0.359664917 0.000483245 0.999998748 0.001507080 -1.304563165 -0.053415436 -0.001479116 0.998571217 95.087005615
0.998451173 -0.001104896 0.055624370 -0.298494816 0.001134970 0.999999225 -0.000509072 -1.325652480 -0.055623751 0.000571415 0.998451769 96.233909607
0.998329163 -0.002613346 0.057724591 -0.229051113 0.002853065 0.999987602 -0.004070793 -1.346188545 -0.057713237 0.004228683 0.998324215 97.391601562
0.998225570 -0.001824049 0.059516873 -0.167336464 0.002235942 0.999974072 -0.006854747 -1.367849469 -0.059502825 0.006975660 0.998203814 98.546737671
0.998106003 -0.001942533 0.061486170 -0.094948292 0.002432788 0.999965787 -0.007899556 -1.390574932 -0.061468720 0.008034177 0.998076677 99.730796814
0.998087645 -0.001707632 0.061791141 -0.023955822 0.002172377 0.999969840 -0.007454829 -1.412594795 -0.061776545 0.007574806 0.998061299 100.909667969
0.998125732 -0.001755024 0.061173119 0.035229206 0.002089482 0.999983132 -0.005403853 -1.442592025 -0.061162613 0.005521543 0.998112500 102.092575073
0.998209000 -0.001994085 0.059790015 0.102933407 0.002233497 0.999989748 -0.003937655 -1.464336872 -0.059781540 0.004064143 0.998203158 103.297027588
0.998309374 -0.001570204 0.058102872 0.157298088 0.001756062 0.999993503 -0.003147862 -1.486486912 -0.058097545 0.003244572 0.998305678 104.468826294
0.998483002 -0.001660063 0.055035412 0.226283550 0.001807686 0.999994934 -0.002632647 -1.508827329 -0.055030763 0.002728140 0.998480916 105.672325134
0.998614311 -0.000993049 0.052616060 0.274653435 0.001141687 0.999995470 -0.002794985 -1.530225992 -0.052613042 0.002851183 0.998610914 106.878768921
0.998798311 0.000738587 0.049003050 0.322589397 -0.000574592 0.999994159 -0.003360617 -1.545699358 -0.049005244 0.003328422 0.998793006 108.086776733
0.998990893 0.000779804 0.044905771 0.371765614 -0.000650653 0.999995589 -0.002890598 -1.568817735 -0.044907831 0.002858463 0.998987019 109.290557861
0.999170482 0.000926524 0.040710248 0.419777870 -0.000859715 0.999998271 -0.001658559 -1.593245268 -0.040711720 0.001622184 0.999169588 110.515213013
0.999332726 0.001429477 0.036496051 0.459038258 -0.001396517 0.999998569 -0.000928579 -1.614791393 -0.036497317 0.000876992 0.999333322 111.723968506
0.999477744 0.001706103 0.032274816 0.487047911 -0.001692688 0.999998450 -0.000442977 -1.631927490 -0.032275524 0.000388115 0.999478936 112.940673828
0.999624610 0.002436672 0.027283322 0.518163443 -0.002428406 0.999996960 -0.000336090 -1.648781180 -0.027284048 0.000269709 0.999627590 114.163764954
0.999750078 0.002994756 0.022154812 0.542552948 -0.002991018 0.999995470 -0.000201895 -1.676576018 -0.022155317 0.000135579 0.999754548 115.405120850
0.999845564 0.003220679 0.017282678 0.548546791 -0.003211865 0.999994695 -0.000537743 -1.690141201 -0.017284315 0.000482151 0.999850512 116.617752075
0.999911249 0.004584808 0.012500930 0.563404918 -0.004567229 0.999988556 -0.001434365 -1.710566640 -0.012507361 0.001377144 0.999920785 117.871086121
0.999939084 0.006399022 0.008993892 0.568608522 -0.006386878 0.999978662 -0.001378346 -1.735147476 -0.009002519 0.001320819 0.999958634 119.095039368
0.999942958 0.008181224 0.006853798 0.570098400 -0.008173428 0.999965847 -0.001164687 -1.753302455 -0.006863091 0.001108601 0.999975801 120.339302063
0.999939501 0.009287935 0.005881818 0.567332149 -0.009276986 0.999955177 -0.001886098 -1.772722244 -0.005899073 0.001831419 0.999980867 121.592864990
0.999923408 0.011654225 0.004176230 0.572584569 -0.011649371 0.999931455 -0.001185024 -1.802108526 -0.004189753 0.001136283 0.999990582 122.783836365
0.999911308 0.012707566 0.003972467 0.559874296 -0.012704878 0.999919057 -0.000700588 -1.814876080 -0.003981048 0.000650056 0.999991894 124.080421448
0.999916196 0.012472192 0.003463736 0.552695155 -0.012470677 0.999922156 -0.000458083 -1.831606388 -0.003469179 0.000414850 0.999993980 125.327934265
0.999864757 0.016273942 0.002380496 0.551675081 -0.016278364 0.999865770 0.001850302 -1.856384277 -0.002350065 -0.001888802 0.999995470 126.566085815
0.999848545 0.017315572 0.001750333 0.543277383 -0.017324181 0.999837220 0.005028996 -1.869870424 -0.001662967 -0.005058557 0.999985814 127.820472717
0.999877989 0.015560865 0.001338542 0.537043095 -0.015567222 0.999866962 0.004875089 -1.890880108 -0.001262503 -0.004895331 0.999987245 129.096817017
0.999881983 0.015338087 0.000896461 0.527422786 -0.015341020 0.999876678 0.003360422 -1.901402473 -0.000844807 -0.003373777 0.999993980 130.347625732
0.999922097 0.012480345 0.000182892 0.529045343 -0.012481038 0.999912143 0.004477477 -1.919767737 -0.000126995 -0.004479410 0.999989986 131.606307983
0.999945223 0.010386588 -0.001280470 0.530579448 -0.010379171 0.999930084 0.005668303 -1.922983170 0.001339255 -0.005654702 0.999983132 132.863021851
0.999974370 0.007108707 -0.000843361 0.516527951 -0.007102021 0.999945223 0.007681212 -1.937771916 0.000897918 -0.007675026 0.999970198 134.135971069
0.999984443 0.005333970 -0.001647294 0.520478725 -0.005318514 0.999943078 0.009248337 -1.960640669 0.001696529 -0.009239432 0.999955893 135.414443970
0.999998748 0.000989840 -0.001337543 0.516123414 -0.000980100 0.999973178 0.007263114 -1.969673157 0.001344696 -0.007261795 0.999972761 136.682189941
0.999997973 -0.001520803 -0.001319696 0.518837869 0.001528754 0.999980569 0.006044528 -1.976883888 0.001310478 -0.006046533 0.999980867 137.961242676
0.999995470 -0.002901541 -0.000808710 0.508052945 0.002906354 0.999977708 0.006016064 -1.992455721 0.000791236 -0.006018387 0.999981523 139.239868164
0.999996424 -0.002615661 -0.000527162 0.500875771 0.002618884 0.999977291 0.006207954 -2.004159451 0.000510912 -0.006209311 0.999980569 140.520004272
0.999998033 -0.001968118 -0.000075928 0.493083268 0.001968695 0.999961674 0.008526089 -2.019309282 0.000059145 -0.008526220 0.999963641 141.793014526
0.999999583 0.000046483 0.000917926 0.485456705 -0.000055626 0.999950290 0.009962576 -2.031229258 -0.000917418 -0.009962624 0.999949872 143.097671509
0.999998689 -0.000020496 0.001639722 0.479276627 0.000006881 0.999965429 0.008302749 -2.041871548 -0.001639836 -0.008302727 0.999964118 144.372863770
0.999998927 0.000023083 0.001527157 0.483769208 -0.000033089 0.999978542 0.006552353 -2.059280157 -0.001526973 -0.006552396 0.999977350 145.648818970
0.999997616 -0.000047262 0.002190909 0.476942420 0.000038521 0.999992013 0.003989678 -2.072320461 -0.002191080 -0.003989584 0.999989688 146.920654297
0.999994814 -0.001132432 0.003016887 0.469982415 0.001132101 0.999999344 0.000111418 -2.095344067 -0.003017011 -0.000108002 0.999995470 148.186111450
0.999994099 -0.000680426 0.003361624 0.473443091 0.000692475 0.999993265 -0.003584366 -2.115421772 -0.003359162 0.003586672 0.999987960 149.457748413
0.999994636 -0.001349540 0.002977577 0.477558613 0.001362939 0.999988914 -0.004502636 -2.141317368 -0.002971467 0.004506671 0.999985397 150.729644775
0.999993026 -0.001235827 0.003529028 0.474135160 0.001250836 0.999990165 -0.004253973 -2.171276093 -0.003523736 0.004258358 0.999984741 151.998199463
0.999994516 -0.000491413 0.003252839 0.472254246 0.000504170 0.999992192 -0.003922149 -2.196506977 -0.003250886 0.003923768 0.999987006 153.262985229
0.999995291 0.000185314 0.003037407 0.470686972 -0.000177455 0.999996662 -0.002587731 -2.227293015 -0.003037876 0.002587180 0.999992073 154.528457642
0.999995530 0.000660823 0.002922684 0.464359999 -0.000654944 0.999997675 -0.002012166 -2.253659010 -0.002924007 0.002010243 0.999993622 155.802871704
0.999997437 0.000647691 0.002169045 0.464834273 -0.000642486 0.999996901 -0.002399805 -2.276814699 -0.002170592 0.002398405 0.999994755 157.074050903
0.999997914 0.001080125 0.001735035 0.458292067 -0.001076785 0.999997556 -0.001924077 -2.302691936 -0.001737108 0.001922204 0.999996662 158.330718994
0.999999344 0.000404774 0.001081287 0.452554524 -0.000404016 0.999999642 -0.000700867 -2.325751066 -0.001081570 0.000700430 0.999999225 159.602203369
0.999998569 0.001721650 0.000286430 0.456136197 -0.001721501 0.999998391 -0.000520405 -2.347956419 -0.000287326 0.000519911 0.999999821 160.877304077
0.999998450 0.001585076 -0.000796560 0.454517424 -0.001586324 0.999997497 -0.001568926 -2.370229244 0.000794071 0.001570187 0.999998450 162.146240234
0.999997139 0.002210235 -0.001060507 0.443543792 -0.002213289 0.999993384 -0.002886625 -2.393468380 0.001054120 0.002888963 0.999995232 163.399810791
0.999993742 0.003088565 -0.001725573 0.434102535 -0.003093438 0.999991179 -0.002828591 -2.418959379 0.001716821 0.002833911 0.999994457 164.660018921
0.999992251 0.002847346 -0.002723259 0.425184876 -0.002857502 0.999988973 -0.003732698 -2.445881367 0.002712600 0.003740450 0.999989331 165.944229126
0.999987602 0.002877263 -0.004074647 0.420939326 -0.002896667 0.999984443 -0.004764137 -2.472865582 0.004060875 0.004775881 0.999980330 167.213638306
0.999985993 0.003476161 -0.003987181 0.405150831 -0.003493925 0.999983966 -0.004457057 -2.499748945 0.003971624 0.004470926 0.999982059 168.492004395
0.999981403 0.003676649 -0.004879452 0.395716250 -0.003693152 0.999987364 -0.003377469 -2.524296999 0.004866974 0.003395427 0.999982357 169.766494751
0.999979317 0.003748480 -0.005214301 0.375756145 -0.003763194 0.999989092 -0.002814883 -2.551676750 0.005203692 0.002834448 0.999982357 171.049819946
0.999971688 0.004406209 -0.006094501 0.362095237 -0.004421206 0.999987304 -0.002449567 -2.575625896 0.006083630 0.002476443 0.999978364 172.317916870
0.999968052 0.005145242 -0.006113559 0.337115407 -0.005160078 0.999983847 -0.002413519 -2.598023653 0.006101042 0.002444989 0.999978304 173.606674194
0.999962807 0.004476917 -0.007382979 0.334701896 -0.004498921 0.999985576 -0.002966476 -2.631589413 0.007369591 0.002999581 0.999968290 174.867889404
0.999957502 0.005223406 -0.007601313 0.310806274 -0.005253236 0.999978542 -0.003909538 -2.651752234 0.007580728 0.003949304 0.999963403 176.138076782
0.999957025 0.005286374 -0.007612285 0.280636907 -0.005313820 0.999979496 -0.003589751 -2.674042225 0.007593150 0.003630047 0.999964595 177.402450562
0.999949157 0.006205336 -0.007936559 0.271986723 -0.006239947 0.999971092 -0.004343736 -2.710483551 0.007909375 0.004393039 0.999959052 178.639144897
0.999954283 0.005125844 -0.008071515 0.256087422 -0.005176684 0.999966800 -0.006290421 -2.731425762 0.008039003 0.006331917 0.999947608 179.901901245
0.999962866 0.001816865 -0.008420479 0.243659019 -0.001867634 0.999980092 -0.006025305 -2.763188839 0.008409366 0.006040807 0.999946415 181.170700073
0.999958396 0.001746155 -0.008946213 0.236249804 -0.001763301 0.999996722 -0.001909113 -2.799136400 0.008942849 0.001924809 0.999958158 182.414306641
0.999960542 0.001003420 -0.008820100 0.217062950 -0.000980244 0.999996006 0.002631505 -2.825176716 0.008822706 -0.002622755 0.999957621 183.678527832
0.999956310 0.002179408 -0.009088427 0.204727054 -0.002164345 0.999996364 0.001666839 -2.843156815 0.009092025 -0.001647096 0.999957263 184.941040039
0.999956846 0.003782865 -0.008468920 0.178969145 -0.003796172 0.999991536 -0.001555780 -2.863044739 0.008462964 0.001587863 0.999962926 186.190139771
0.999950767 0.003993490 -0.009078301 0.164667606 -0.004024085 0.999986410 -0.003354362 -2.890003443 0.009064780 0.003390729 0.999953151 187.441635132
0.999950290 0.004355161 -0.008965676 0.142762303 -0.004385018 0.999984860 -0.003313105 -2.913046360 0.008951111 0.003352254 0.999954283 188.689895630
0.999953926 0.003468214 -0.008962168 0.127116323 -0.003484683 0.999992192 -0.001822660 -2.944155931 0.008955778 0.001853806 0.999958158 189.935150146
0.999953032 0.003618360 -0.008989790 0.111469865 -0.003613992 0.999993265 0.000502100 -2.970266342 0.008991546 -0.000469587 0.999959469 191.183166504
0.999962211 0.003079502 -0.008129696 0.095140219 -0.003069672 0.999994516 0.001221328 -2.996040821 0.008133414 -0.001196326 0.999966145 192.429672241
0.999971926 0.003022847 -0.006845510 0.081058741 -0.003019377 0.999995291 0.000517200 -3.016434431 0.006847040 -0.000496516 0.999976397 193.671737671
0.999984086 0.002222678 -0.005179255 0.066163301 -0.002229915 0.999996483 -0.001392067 -3.036576271 0.005176142 0.001403594 0.999985576 194.904037476
0.999989808 0.002095308 -0.003989533 0.055653811 -0.002104627 0.999995053 -0.002332992 -3.065654993 0.003984626 0.002341365 0.999989331 196.138473511
0.999996126 0.001597438 -0.002249836 0.044621646 -0.001603708 0.999994874 -0.002787629 -3.093299627 0.002245373 0.002791226 0.999993682 197.356246948
0.999997735 0.001697358 -0.001254062 0.038948536 -0.001700285 0.999995828 -0.002336555 -3.112009525 0.001250091 0.002338682 0.999996483 198.588699341
0.999999046 0.001365219 -0.000190106 0.039813753 -0.001365295 0.999999046 -0.000403203 -3.139003515 0.000189556 0.000403462 0.999999881 199.806137085
0.999997377 0.001972211 0.001135252 0.028709605 -0.001972103 0.999997973 -0.000096979 -3.164738417 -0.001135441 0.000094740 0.999999344 201.027694702
0.999994516 0.002168761 0.002501424 0.020136058 -0.002168354 0.999997556 -0.000165181 -3.183584452 -0.002501776 0.000159756 0.999996841 202.238204956
0.999994218 0.001463373 0.003092313 0.027578771 -0.001462300 0.999998868 -0.000349275 -3.208268881 -0.003092820 0.000344751 0.999995172 203.452133179
0.999987125 0.001839413 0.004735431 0.015553057 -0.001840936 0.999998271 0.000317145 -3.238461256 -0.004734839 -0.000325858 0.999988735 204.637130737
0.999981761 0.002156589 0.005651860 0.012549877 -0.002157394 0.999997616 0.000136365 -3.260617495 -0.005651553 -0.000148556 0.999984026 205.832626343
0.999974906 0.001717860 0.006870609 0.002043605 -0.001718555 0.999998510 0.000095219 -3.281756401 -0.006870435 -0.000107024 0.999976397 207.005599976
0.999976337 0.000982355 0.006813953 0.017201424 -0.000983885 0.999999464 0.000221164 -3.307078600 -0.006813732 -0.000227863 0.999976754 208.178482056
0.999973416 0.001077925 0.007207314 0.015026808 -0.001086276 0.999998689 0.001154911 -3.332883835 -0.007206059 -0.001162709 0.999973416 209.334823608
0.999976039 0.000557597 0.006891178 0.021530271 -0.000572218 0.999997616 0.002119866 -3.351533413 -0.006889979 -0.002123759 0.999974012 210.457199097
0.999978840 0.000790146 0.006469485 0.020141959 -0.000804393 0.999997318 0.002199923 -3.375772238 -0.006467728 -0.002205080 0.999976695 211.567489624
0.999981105 0.001498885 0.005957602 0.023401737 -0.001505924 0.999998152 0.001177240 -3.400555849 -0.005955826 -0.001186190 0.999981523 212.685394287
0.999984562 0.001390200 0.005375447 0.024150848 -0.001391955 0.999998987 0.000322734 -3.421171427 -0.005374993 -0.000330212 0.999985516 213.774658203
0.999986708 0.001214009 0.005004073 0.022729635 -0.001215720 0.999999225 0.000338953 -3.444914818 -0.005003659 -0.000345032 0.999987423 214.840377808
0.999992132 0.001520542 0.003663378 0.022962213 -0.001521009 0.999998808 0.000124633 -3.467805624 -0.003663184 -0.000130204 0.999993205 215.915161133
0.999997795 0.001202031 0.001709359 0.025608808 -0.001203770 0.999998748 0.001017171 -3.489151478 -0.001708135 -0.001019227 0.999997973 216.969787598
0.999999821 -0.000290980 -0.000571900 0.025221236 0.000292289 0.999997258 0.002290237 -3.507423639 0.000571232 -0.002290403 0.999997199 218.011184692
0.999996483 0.000101068 -0.002640639 0.018238962 -0.000089724 0.999990761 0.004295705 -3.531159639 0.002641048 -0.004295453 0.999987304 219.037979126
0.999985695 0.000186917 -0.005344075 0.012842774 -0.000163594 0.999990463 0.004364258 -3.548236847 0.005344840 -0.004363321 0.999976158 220.046142578
0.999970019 0.000533722 -0.007725970 -0.002525806 -0.000502597 0.999991655 0.004030043 -3.570380688 0.007728056 -0.004026038 0.999962091 221.041091919
0.999949932 0.000287909 -0.009993671 -0.024185419 -0.000245218 0.999990821 0.004272781 -3.590361357 0.009994809 -0.004270116 0.999940932 222.020233154
0.999906063 0.000372536 -0.013697468 -0.034498692 -0.000302512 0.999986887 0.005113879 -3.612456322 0.013699196 -0.005109255 0.999893129 222.967926025
0.999863207 0.000838338 -0.016509816 -0.057958126 -0.000758483 0.999988019 0.004842470 -3.628532410 0.016513679 -0.004829285 0.999852002 223.895339966
0.999817431 0.000641713 -0.019093480 -0.083406925 -0.000558974 0.999990463 0.004338349 -3.646036863 0.019096086 -0.004326884 0.999808252 224.805709839
0.999753177 0.001446703 -0.022169871 -0.104142666 -0.001384906 0.999995112 0.002802539 -3.648209095 0.022173822 -0.002771146 0.999750316 225.677825928
0.999671042 0.002307028 -0.025542771 -0.131099224 -0.002236383 0.999993563 0.002793981 -3.669266224 0.025549056 -0.002735938 0.999669850 226.533950806
0.999591887 0.002568152 -0.028449658 -0.162475109 -0.002514573 0.999994934 0.001918885 -3.684844017 0.028454443 -0.001846564 0.999593437 227.367416382
0.999517083 0.004770053 -0.030704154 -0.199350357 -0.004712620 0.999986947 0.001942568 -3.705200672 0.030713022 -0.001796934 0.999526680 228.190017700
0.999496341 0.005550047 -0.031248046 -0.230549812 -0.005458820 0.999980569 0.003004015 -3.726391315 0.031264115 -0.002831923 0.999507129 228.987823486
0.999514401 0.005139349 -0.030733801 -0.261454582 -0.005020055 0.999979556 0.003957448 -3.741092205 0.030753510 -0.003801241 0.999519825 229.768417358
0.999531090 0.005293319 -0.030160166 -0.290986538 -0.005152583 0.999975443 0.004742086 -3.757044554 0.030184533 -0.004584461 0.999533772 230.534713745
0.999535143 0.005915424 -0.029908810 -0.313844681 -0.005807124 0.999976218 0.003706649 -3.761930466 0.029930025 -0.003531241 0.999545753 231.289855957
0.999543667 0.006755275 -0.029443154 -0.340311527 -0.006699468 0.999975562 0.001993661 -3.777631283 0.029455898 -0.001795497 0.999564469 232.024337769
0.999569058 0.006791261 -0.028558560 -0.362209797 -0.006796912 0.999976873 -0.000100791 -3.790310860 0.028557215 0.000294858 0.999592125 232.751480103
0.999606192 0.006136687 -0.027383141 -0.388227463 -0.006175497 0.999980032 -0.001332905 -3.813510895 0.027374415 0.001501485 0.999624133 233.491394043
0.999636829 0.007000464 -0.026021184 -0.412159920 -0.007050033 0.999973476 -0.001813671 -3.826237917 0.026007798 0.001996463 0.999659717 234.212982178
0.999678612 0.006261840 -0.024565309 -0.428075314 -0.006314974 0.999977887 -0.002085994 -3.839359760 0.024551703 0.002240452 0.999696016 234.924346924
0.999723017 0.005923666 -0.022775503 -0.443750381 -0.005974743 0.999979794 -0.002175320 -3.854140520 0.022762155 0.002310795 0.999738216 235.660568237
0.999762237 0.006368529 -0.020857411 -0.460582733 -0.006413153 0.999977291 -0.002073266 -3.871201754 0.020843735 0.002206534 0.999780297 236.371505737
0.999802947 0.005873520 -0.018965175 -0.473052502 -0.005928974 0.999978304 -0.002869039 -3.879444122 0.018947911 0.002980918 0.999816060 237.083175659
0.999850512 0.005528943 -0.016380277 -0.482601166 -0.005567879 0.999981761 -0.002332359 -3.897722483 0.016367085 0.002423214 0.999863029 237.785064697
0.999909341 0.004875535 -0.012553592 -0.503162146 -0.004891952 0.999987185 -0.001277348 -3.920168161 0.012547205 0.001338643 0.999920368 238.500808716
0.999942958 0.004050707 -0.009878513 -0.505588293 -0.004064504 0.999990821 -0.001376894 -3.930256844 0.009872844 0.001416967 0.999950290 239.195266724
0.999972284 0.003855790 -0.006370748 -0.521016955 -0.003862399 0.999992013 -0.001025401 -3.950058699 0.006366743 0.001049979 0.999979258 239.891250610
0.999987185 0.003723838 -0.003438667 -0.521533012 -0.003727979 0.999992371 -0.001198508 -3.964516163 0.003434177 0.001211312 0.999993384 240.585327148
0.999994397 0.003256698 -0.000765694 -0.515964985 -0.003257951 0.999993324 -0.001640996 -3.977842331 0.000760344 0.001643481 0.999998331 241.279342651
0.999988496 0.004426742 0.001816045 -0.513745070 -0.004421594 0.999986231 -0.002829209 -3.988698959 -0.001828543 0.002821147 0.999994278 241.968902588
0.999979496 0.004260495 0.004774891 -0.512162566 -0.004245805 0.999986172 -0.003082452 -4.003927708 -0.004787958 0.003062116 0.999983847 242.664733887
0.999958038 0.004507814 0.007968304 -0.512369514 -0.004491071 0.999987662 -0.002117752 -4.018415928 -0.007977750 0.002081877 0.999966025 243.373687744
0.999937356 0.004613799 0.010192474 -0.506215096 -0.004599915 0.999988437 -0.001385175 -4.032407761 -0.010198747 0.001338203 0.999947131 244.077911377
0.999906361 0.004504548 0.012922717 -0.503250837 -0.004480671 0.999988198 -0.001876087 -4.043854237 -0.012931015 0.001818009 0.999914765 244.780349731
0.999879718 0.004233482 0.014917831 -0.490905762 -0.004185634 0.999985993 -0.003237237 -4.059935093 -0.014931327 0.003174407 0.999883473 245.496231079
0.999845743 0.004383256 0.017005358 -0.484642506 -0.004289259 0.999975324 -0.005560011 -4.072769642 -0.017029308 0.005486212 0.999839902 246.202972412
0.999834061 0.002772218 0.018001465 -0.472603798 -0.002642138 0.999970317 -0.007245801 -4.086075306 -0.018021015 0.007197036 0.999811709 246.918167114
0.999838531 0.003957797 0.017526912 -0.452455044 -0.003824262 0.999963462 -0.007645811 -4.102323532 -0.017556531 0.007577548 0.999817133 247.636688232
0.999845624 0.002525182 0.017385995 -0.439270496 -0.002384515 0.999964237 -0.008106804 -4.119448185 -0.017405845 0.008064096 0.999815941 248.365371704
0.999837518 0.003728685 0.017634332 -0.429332733 -0.003583323 0.999959409 -0.008267557 -4.137636185 -0.017664444 0.008203025 0.999810278 249.093017578
0.999828696 0.004132151 0.018041288 -0.421451092 -0.003973044 0.999952972 -0.008845974 -4.152598381 -0.018076994 0.008772779 0.999798059 249.826049805
0.999829352 0.003043011 0.018217411 -0.408349514 -0.002846960 0.999937832 -0.010778003 -4.169246197 -0.018249074 0.010724301 0.999775946 250.573516846
0.999825358 -0.000706842 0.018671025 -0.394482613 0.000944804 0.999918520 -0.012739212 -4.192556858 -0.018660499 0.012754631 0.999744475 251.328704834
0.999808550 -0.003889918 0.019173220 -0.377443314 0.004151461 0.999898553 -0.013620202 -4.208871365 -0.019118290 0.013697191 0.999723375 252.091995239
0.999804795 -0.001692784 0.019685963 -0.366141796 0.001885056 0.999950647 -0.009752506 -4.221498013 -0.019668484 0.009787714 0.999758601 252.870010376
0.999793768 0.001913940 0.020218281 -0.361320496 -0.001836757 0.999990940 -0.003835337 -4.232841969 -0.020225435 0.003797410 0.999788225 253.648788452
0.999774396 0.001615712 0.021177435 -0.347864151 -0.001612108 0.999998629 -0.000187222 -4.254892826 -0.021177709 0.000153039 0.999775708 254.452209473
0.999720037 0.000630482 0.023650091 -0.329300404 -0.000575814 0.999997139 -0.002318245 -4.268391609 -0.023651484 0.002303978 0.999717593 255.245742798
0.999612689 0.001796398 0.027770255 -0.315952301 -0.001557841 0.999961734 -0.008609649 -4.278345585 -0.027784655 0.008563053 0.999577284 256.041290283
0.999505103 0.003458506 0.031264979 -0.286888123 -0.003077009 0.999920309 -0.012241968 -4.295830727 -0.031304821 0.012139707 0.999436140 256.860504150
0.999382555 0.005262393 0.034739383 -0.264737129 -0.004865401 0.999921978 -0.011502389 -4.316682339 -0.034797195 0.011326266 0.999330223 257.679443359
0.999267340 0.003440154 0.038118523 -0.236890793 -0.003094055 0.999953508 -0.009134820 -4.336249828 -0.038148165 0.009010186 0.999231458 258.513244629
0.999182880 0.000648229 0.040411454 -0.192341805 -0.000384761 0.999978602 -0.006527059 -4.355069160 -0.040414810 0.006506178 0.999161780 259.361999512
0.999060154 -0.002149954 0.043293100 -0.155725479 0.002373663 0.999984086 -0.005116579 -4.372058868 -0.043281410 0.005214534 0.999049246 260.203063965
0.998944342 -0.001811909 0.045901921 -0.116986275 0.002018037 0.999988079 -0.004444699 -4.390527248 -0.045893315 0.004532639 0.998935997 261.037170410
0.998793244 0.000646203 0.049108677 -0.084490776 -0.000317582 0.999977529 -0.006699214 -4.409005165 -0.049111903 0.006675534 0.998770952 261.885772705
0.998678684 0.001596949 0.051364664 -0.045306206 -0.001139569 0.999959469 -0.008932635 -4.425629139 -0.051376849 0.008862298 0.998639941 262.720672607
0.998535752 0.002132955 0.054052956 -0.005889893 -0.001651547 0.999958634 -0.008949324 -4.446815491 -0.054069810 0.008846950 0.998497903 263.553070068
0.998397946 0.002720996 0.056516685 0.048680305 -0.002351056 0.999975383 -0.006611135 -4.471647263 -0.056533266 0.006467670 0.998379886 264.422515869
0.998237431 0.004134292 0.059203066 0.096370697 -0.003846984 0.999980211 -0.004966093 -4.494237423 -0.059222426 0.004729586 0.998233616 265.262908936
0.998032033 0.005044920 0.062503107 0.142084122 -0.004726335 0.999975085 -0.005243914 -4.509507656 -0.062527999 0.004938184 0.998031020 266.119964600
0.997862518 0.005345213 0.065129496 0.198186874 -0.004960775 0.999969304 -0.006062964 -4.522726059 -0.065159917 0.005726911 0.997858405 266.971954346
0.997720599 0.003285471 0.067399830 0.257596970 -0.002852673 0.999974668 -0.006516614 -4.541836262 -0.067419544 0.006309491 0.997704744 267.821472168
0.997584224 0.000566520 0.069465965 0.308233261 -0.000136587 0.999980807 -0.006193716 -4.554110050 -0.069468141 0.006169265 0.997564971 268.658142090
0.997537673 -0.000618735 0.070129812 0.379112244 0.001019214 0.999983311 -0.005674894 -4.580850124 -0.070125133 0.005732397 0.997521758 269.515838623
0.997508168 -0.001336035 0.070537806 0.439062119 0.001749912 0.999981582 -0.005805986 -4.596508026 -0.070528753 0.005914954 0.997492194 270.363342285
0.997491181 -0.001693856 0.070769519 0.495441437 0.002084134 0.999983013 -0.005441299 -4.618470669 -0.070759088 0.005575142 0.997477889 271.220184326
0.997494936 -0.001043260 0.070730031 0.550455093 0.001395647 0.999986768 -0.004932912 -4.636585712 -0.070723951 0.005019268 0.997483313 272.090240479
0.997543097 -0.000190372 0.070054054 0.608448029 0.000539149 0.999987483 -0.004959811 -4.649926662 -0.070052244 0.004985395 0.997530878 272.943298340
0.997615039 -0.000720551 0.069020338 0.660326004 0.001089843 0.999985278 -0.005312972 -4.675477505 -0.069015495 0.005375523 0.997601151 273.801483154
0.997724175 -0.001047583 0.067419492 0.718889236 0.001481143 0.999978483 -0.006381114 -4.696250916 -0.067411363 0.006466450 0.997704327 274.679351807
0.997848392 -0.000471516 0.065561682 0.775840759 0.000942648 0.999973953 -0.007155331 -4.714996815 -0.065556601 0.007201739 0.997822881 275.542785645
0.997931480 0.000812599 0.064281411 0.819795609 -0.000341391 0.999972939 -0.007341027 -4.738053322 -0.064285643 0.007303897 0.997904778 276.391204834
0.998033166 0.002047867 0.062654562 0.866531372 -0.001576295 0.999970019 -0.007575055 -4.758142948 -0.062668204 0.007461395 0.998006403 277.243469238
0.998172164 0.002719892 0.060373057 0.919289589 -0.002299113 0.999972582 -0.007038021 -4.778098106 -0.060390543 0.006886351 0.998151064 278.105438232
0.998332620 0.002383737 0.057674203 0.960675240 -0.002054683 0.999981284 -0.005764028 -4.796523571 -0.057686858 0.005635916 0.998318791 278.957672119
0.998581648 0.001628543 0.053215947 1.011076927 -0.001450620 0.999993205 -0.003381873 -4.812887669 -0.053221092 0.003299880 0.998577297 279.810729980
0.998824418 -0.000042249 0.048474699 1.044665337 0.000114646 0.999998808 -0.001490713 -4.834619999 -0.048474584 0.001494518 0.998823285 280.645935059
0.999047875 -0.000538485 0.043621287 1.077924728 0.000547414 0.999999881 -0.000192752 -4.853123188 -0.043621171 0.000216447 0.999048054 281.478912354
0.999245465 -0.000628176 0.038834114 1.109562874 0.000604561 0.999999642 0.000619853 -4.869312286 -0.038834494 -0.000595908 0.999245465 282.311706543
0.999420941 -0.000539738 0.034020290 1.135184288 0.000512146 0.999999464 0.000819771 -4.881001472 -0.034020722 -0.000801874 0.999420822 283.117919922
0.999559224 -0.002333158 0.029596284 1.152023315 0.002298054 0.999996603 0.001220032 -4.899060249 -0.029599035 -0.001151481 0.999561191 283.927368164
0.999668658 -0.002288182 0.025635552 1.164428711 0.002264957 0.999997020 0.000934941 -4.914891720 -0.025637608 -0.000876568 0.999670923 284.710662842
0.999763429 -0.001906559 0.021666311 1.178025723 0.001894298 0.999998033 0.000586393 -4.928013802 -0.021667385 -0.000545212 0.999765098 285.478515625
0.999840140 -0.001547915 0.017811099 1.185933828 0.001539755 0.999998689 0.000471892 -4.942078114 -0.017811805 -0.000444392 0.999841273 286.222290039
