1.000000000 0.000000000 0.000000000 0.000000000 0.000000000 1.000000000 0.000000000 0.000000000 0.000000000 0.000000000 1.000000000 0.000000000
0.999995649 0.002937327 0.000156256 -0.005862218 -0.002937539 0.999994755 0.001378710 -0.012842185 -0.000152206 -0.001379163 0.999999046 0.772691429
0.999985158 0.005417547 0.000602255 -0.012128304 -0.005418657 0.999983609 0.001857001 -0.029482972 -0.000592185 -0.001860238 0.999998093 1.540093303
0.999976754 0.006712311 0.001212491 -0.022526128 -0.006714462 0.999975860 0.001779732 -0.047845140 -0.001200516 -0.001787832 0.999997675 2.273671389
0.999962211 0.008622088 0.001103736 -0.025299644 -0.008623729 0.999961734 0.001490125 -0.061397303 -0.001090846 -0.001499587 0.999998271 3.001479387
0.999959290 0.008837874 0.001814561 -0.036142197 -0.008839960 0.999960244 0.001144637 -0.073924094 -0.001804373 -0.001160631 0.999997675 3.718720198
0.999957263 0.009065286 0.001805198 -0.029061388 -0.009068749 0.999956965 0.001919496 -0.085005149 -0.001787720 -0.001935785 0.999996543 4.417203903
0.999946237 0.009953388 0.002920327 -0.047537338 -0.009968216 0.999937296 0.005107949 -0.103378043 -0.002869303 -0.005136784 0.999982715 5.087974548
0.999942005 0.009841857 0.004367480 -0.044036370 -0.009880005 0.999912381 0.008800393 -0.107444368 -0.004280485 -0.008843035 0.999951720 5.758951187
0.999943733 0.009031300 0.005550446 -0.041334782 -0.009100384 0.999879837 0.012549788 -0.120460674 -0.005436438 -0.012599595 0.999905884 6.382455826
0.999940276 0.008522375 0.006838663 -0.043901641 -0.008621597 0.999855995 0.014612908 -0.126963899 -0.006713142 -0.014670996 0.999869823 6.992530346
0.999931455 0.008939442 0.007556155 -0.023780577 -0.009047453 0.999855638 0.014383341 -0.134067088 -0.007426486 -0.014450721 0.999867916 7.588880539
0.999918878 0.009474252 0.008508785 -0.018728852 -0.009574706 0.999884069 0.011843840 -0.143071905 -0.008395587 -0.011924350 0.999893606 8.145112991
0.999909937 0.009559191 0.009420788 -0.021017857 -0.009642210 0.999914706 0.008806642 -0.145833313 -0.009335801 -0.008896687 0.999916792 8.671870232
0.999908626 0.007983665 0.010906674 -0.009495907 -0.008064908 0.999939978 0.007425358 -0.155634984 -0.010846738 -0.007512641 0.999912918 9.175757408
0.999907017 0.004098979 0.013002894 -0.005160436 -0.004165629 0.999978304 0.005102796 -0.160200596 -0.012981697 -0.005156487 0.999902427 9.631789207
0.999887109 0.002476522 0.014819847 0.007642239 -0.002536953 0.999988556 0.004060331 -0.169114053 -0.014809625 -0.004097471 0.999881923 10.075553894
0.999836206 0.006348161 0.016947381 0.006134331 -0.006385676 0.999977291 0.002160367 -0.183286145 -0.016933285 -0.002268234 0.999853969 10.483490944
0.999740243 0.010936797 0.019992374 0.005588770 -0.010970328 0.999938667 0.001568370 -0.195427373 -0.019973993 -0.001787286 0.999798834 10.862115860
0.999672234 0.011138908 0.023051651 0.020643964 -0.011206774 0.999933243 0.002817011 -0.204280987 -0.023018735 -0.003074422 0.999730229 11.208547592
0.999632239 0.006886765 0.026228396 0.034868687 -0.006977142 0.999969959 0.003355833 -0.211405873 -0.026204504 -0.003537598 0.999650359 11.528512001
0.999586105 0.002179643 0.028686257 0.053543895 -0.002257911 0.999993801 0.002696326 -0.209421366 -0.028680203 -0.002759981 0.999584794 11.818873405
0.999518156 -0.001345950 0.031008389 0.068901002 0.001217850 0.999990642 0.004149682 -0.216413394 -0.031013684 -0.004109920 0.999510586 12.076224327
0.999437749 -0.001791535 0.033478808 0.079969019 0.001616775 0.999984860 0.005246400 -0.222108632 -0.033487700 -0.005189323 0.999425650 12.305643082
0.999358296 -0.001250957 0.035793826 0.083564728 0.001095138 0.999989808 0.004372489 -0.229402438 -0.035798933 -0.004330485 0.999349713 12.513264656
0.999288380 -0.000278746 0.037716594 0.094484240 0.000158983 0.999994934 0.003178336 -0.237738967 -0.037717294 -0.003170078 0.999283373 12.698084831
0.999176919 0.002048161 0.040511429 0.095950335 -0.002136951 0.999995351 0.002148541 -0.241701886 -0.040506843 -0.002233344 0.999176800 12.859029770
0.999104202 0.005178111 0.041999418 0.102288544 -0.005243637 0.999985218 0.001450159 -0.245109171 -0.041991286 -0.001669089 0.999116659 13.030105591
0.999037325 0.006579421 0.043372650 0.105042756 -0.006593780 0.999978244 0.000187997 -0.255106747 -0.043370470 -0.000473805 0.999059021 13.184321404
0.998940885 0.005830830 0.045640260 0.110791087 -0.005760738 0.999981940 -0.001667123 -0.257589430 -0.045649160 0.001402436 0.998956561 13.334011078
0.998872101 0.004577985 0.047260884 0.117814302 -0.004455696 0.999986470 -0.002692560 -0.265281022 -0.047272570 0.002478943 0.998878956 13.474263191
0.998807847 0.003813287 0.048666000 0.123313844 -0.003629998 0.999985993 -0.003854071 -0.267040730 -0.048680011 0.003672818 0.998807669 13.612154961
0.998731077 0.004975909 0.050114855 0.131085694 -0.004719849 0.999975264 -0.005226501 -0.269023478 -0.050139613 0.004983335 0.998729825 13.749114037
0.998670697 0.005230374 0.051279731 0.137773931 -0.004879429 0.999963820 -0.006966547 -0.276104510 -0.051314313 0.006707070 0.998660028 13.868985176
0.998632848 0.005385159 0.051994242 0.148960292 -0.004903418 0.999943912 -0.009388370 -0.277249336 -0.052041877 0.009120584 0.998603344 13.997638702
0.998589456 0.004980665 0.052860782 0.155130982 -0.004367153 0.999921858 -0.011715345 -0.279290050 -0.052914992 0.011467969 0.998533189 14.123094559
0.998621464 0.003794543 0.052350812 0.162450433 -0.003099380 0.999906003 -0.013353742 -0.286354065 -0.052396551 0.013173080 0.998539507 14.249535561
0.998728156 0.003282435 0.050311361 0.166598618 -0.002544774 0.999888361 -0.014718982 -0.288294822 -0.050354056 0.014572232 0.998625100 14.370379448
0.998886526 0.003388127 0.047056194 0.175341606 -0.002665281 0.999877632 -0.015415611 -0.293314993 -0.047102660 0.015273027 0.998773336 14.504200935
0.999052525 0.003901271 0.043347318 0.169576168 -0.003169533 0.999851584 -0.016936716 -0.290635794 -0.043406956 0.016783277 0.998916566 14.624378204
0.999284267 0.003934171 0.037623342 0.167288005 -0.003257159 0.999831975 -0.018038847 -0.295855165 -0.037687983 0.017903391 0.999129236 14.746708870
0.999517620 0.003940542 0.030804884 0.166931480 -0.003376279 0.999825954 -0.018347878 -0.303076535 -0.030871823 0.018235026 0.999356985 14.867179871
0.999713600 0.004348692 0.023529738 0.162196189 -0.003891761 0.999803662 -0.019430324 -0.302480847 -0.023609616 0.019333191 0.999534249 14.987932205
0.999876618 0.003666081 0.015273306 0.158560395 -0.003359373 0.999793231 -0.020058677 -0.308043718 -0.015343683 0.020004895 0.999682188 15.121315956
0.999981523 0.002766848 0.005413396 0.146035194 -0.002650250 0.999766886 -0.021428837 -0.309969872 -0.005471421 0.021414094 0.999755681 15.256314278
0.999968350 0.001498757 -0.007807586 0.141271889 -0.001678551 0.999732435 -0.023072734 -0.312392503 0.007770918 0.023085114 0.999703288 15.406204224
0.999720752 0.000597530 -0.023618415 0.116134167 -0.001192238 0.999682367 -0.025173826 -0.313337147 0.023595868 0.025194954 0.999404013 15.555005074
0.999076247 0.000899271 -0.042962678 0.089027584 -0.002033616 0.999650240 -0.026366627 -0.313798666 0.042923953 0.026429640 0.998728693 15.738141060
0.997892380 0.002434872 -0.064844787 0.055768251 -0.004107712 0.999661863 -0.025676785 -0.322313845 0.064760342 0.025889032 0.997564912 15.903569221
0.996112585 0.002298328 -0.088059507 0.018018842 -0.004441810 0.999698341 -0.024153087 -0.331644446 0.087977439 0.024450336 0.995822370 16.109592438
0.993396580 0.003408332 -0.114680886 -0.036264539 -0.006050982 0.999723852 -0.022703281 -0.337244540 0.114571854 0.023247294 0.993142903 16.330356598
0.989499390 0.004295580 -0.144473165 -0.110826492 -0.007348825 0.999760568 -0.020606635 -0.344493240 0.144350067 0.021451961 0.989294112 16.561164856
0.983999729 0.004470316 -0.178114220 -0.170809269 -0.007653093 0.999823034 -0.017186258 -0.349581957 0.178005874 0.018274397 0.983859777 16.804515839
0.976642191 0.005373813 -0.214805037 -0.257520199 -0.008361686 0.999880493 -0.013003440 -0.356759846 0.214709461 0.014495839 0.976570308 17.052434921
0.967011452 0.007030398 -0.254636079 -0.362688303 -0.009369436 0.999924302 -0.007974068 -0.357875466 0.254560739 0.010096813 0.967004061 17.314239502
0.955160975 0.011036788 -0.295881569 -0.488504887 -0.012504361 0.999917090 -0.003068131 -0.364031911 0.295823157 0.006630369 0.955219686 17.577848434
0.941178739 0.014478038 -0.337599039 -0.635645390 -0.014933833 0.999887764 0.001247061 -0.363188565 0.337579131 0.003867942 0.941289186 17.863088608
0.924282968 0.016933870 -0.381332159 -0.771430016 -0.015317896 0.999856234 0.007272833 -0.370090425 0.381400436 -0.000880949 0.924409449 18.130580902
0.905093133 0.020247772 -0.424731255 -0.946720600 -0.015416988 0.999771595 0.014807797 -0.372815847 0.424933970 -0.006854358 0.905198395 18.416606903
0.883368492 0.024660103 -0.468029916 -1.125854969 -0.016523987 0.999632716 0.021482125 -0.376730710 0.468387693 -0.011242911 0.883451462 18.676774979
0.858597577 0.029673653 -0.511790752 -1.340494156 -0.019078286 0.999481320 0.025943605 -0.373554230 0.512295127 -0.012511024 0.858718276 18.958408356
0.830556035 0.033373155 -0.555934489 -1.566038609 -0.020424120 0.999356747 0.029478865 -0.373154163 0.556560695 -0.013129370 0.830703259 19.238113403
0.799864650 0.036883164 -0.599045932 -1.827179909 -0.022834467 0.999257505 0.031034835 -0.364995122 0.599745691 -0.011144774 0.800112963 19.506025314
0.765967607 0.039645001 -0.641655684 -2.102026939 -0.023387033 0.999154508 0.033815295 -0.354928792 0.642453611 -0.010894993 0.766247094 19.778165817
0.728768587 0.043729682 -0.683362365 -2.401497841 -0.024527250 0.998985469 0.037770040 -0.343533158 0.684320688 -0.010764621 0.729101717 20.055454254
0.689944804 0.043996960 -0.722523808 -2.743281364 -0.021695679 0.998959601 0.040112689 -0.320361972 0.723536789 -0.011999892 0.690181375 20.328742981
0.648536026 0.043641310 -0.759931982 -3.092562675 -0.018969752 0.998971641 0.041179832 -0.305531621 0.760947585 -0.012290879 0.648696899 20.594158173
0.606905341 0.042860195 -0.793617606 -3.477843285 -0.013786005 0.998962343 0.043407455 -0.295533836 0.794654548 -0.015403395 0.606866300 20.831237793
0.561702192 0.042961169 -0.826223373 -3.879739761 -0.009283395 0.998915255 0.045629393 -0.280256987 0.827287316 -0.017959965 0.561491787 21.078380585
0.516053557 0.043628789 -0.855444551 -4.319111824 -0.006656810 0.998876095 0.046928205 -0.251846015 0.856530428 -0.018522939 0.515763998 21.285934448
0.464575738 0.043793574 -0.884449840 -4.784579277 -0.006787614 0.998923123 0.045896389 -0.229304850 0.885507345 -0.015319045 0.464372784 21.513042450
0.412366003 0.042842653 -0.910010338 -5.268980980 -0.000902716 0.998912275 0.046619043 -0.212174654 0.911017776 -0.018402629 0.411956221 21.697263718
0.358584166 0.041897744 -0.932556629 -5.767359257 0.003912567 0.998916030 0.046383578 -0.191736281 0.933489263 -0.020281110 0.358031571 21.854789734
0.305123389 0.041076049 -0.951426566 -6.298996925 0.006469353 0.998956859 0.045202810 -0.170708477 0.952290773 -0.019947547 0.304539382 21.990840912
0.251919508 0.046631873 -0.966624022 -6.864113331 0.008136010 0.998700976 0.050299723 -0.139057279 0.967713952 -0.020535942 0.251212925 22.107345581
0.200233966 0.051266897 -0.978405893 -7.443124771 0.010315542 0.998464406 0.054429039 -0.107195914 0.979693830 -0.020991331 0.199397653 22.191593170
0.152235031 0.052979231 -0.986923397 -8.050620079 0.015891064 0.998301983 0.056041282 -0.083283842 0.988216519 -0.024214707 0.151134640 22.259502411
0.107609294 0.054535780 -0.992696345 -8.621184349 0.019326665 0.998190939 0.056932665 -0.072802782 0.994005382 -0.025311999 0.106360644 22.304182053
0.067270488 0.052666076 -0.996343791 -9.258040428 0.019095164 0.998355031 0.054061644 -0.041635573 0.997552037 -0.022662105 0.066154152 22.318109512
0.032131508 0.048417382 -0.998310268 -9.907485008 0.016231388 0.998668969 0.048957203 -0.005717814 0.999351859 -0.017777029 0.031302862 22.305721283
0.003281703 0.048448302 -0.998820305 -10.573499680 0.014313350 0.998721063 0.048490509 0.026522815 0.999892175 -0.014455596 0.002584048 22.293415070
-0.017270010 0.052328430 -0.998480618 -11.269872665 0.012739827 0.998559892 0.052112237 0.060253680 0.999769628 -0.011820492 -0.017911792 22.255310059
-0.030606739 0.058404744 -0.997823834 -12.000651360 0.014443166 0.998212934 0.057984520 0.092944086 0.999427140 -0.012637014 -0.031395599 22.230440140
-0.038554594 0.060960095 -0.997395337 -12.743717194 0.013972043 0.998072743 0.060461409 0.127196491 0.999158740 -0.011604584 -0.039332032 22.193033218
-0.042333573 0.058152243 -0.997409761 -13.510416985 0.015077323 0.998228133 0.057560023 0.163570702 0.998989761 -0.012601547 -0.043135352 22.154438019
-0.041606512 0.054285742 -0.997658253 -14.288980484 0.022663021 0.998317242 0.053376462 0.199868202 0.998877048 -0.020389142 -0.042766772 22.129194260
-0.037251782 0.052701134 -0.997915268 -15.094763756 0.034544360 0.998079479 0.051420279 0.244829595 0.998708606 -0.032556843 -0.039000772 22.112533569
-0.031659216 0.052785557 -0.998103976 -15.922878265 0.034772221 0.998058200 0.051680185 0.284099162 0.998893678 -0.033070132 -0.033433214 22.088520050
-0.026537187 0.051541325 -0.998318195 -16.769828796 0.032833409 0.998176038 0.050661217 0.313263953 0.999108493 -0.031433783 -0.028181065 22.058517456
-0.023385115 0.044963479 -0.998714924 -17.634443283 0.036455315 0.998362064 0.044093985 0.352238059 0.999061644 -0.035377312 -0.024985969 22.046800613
-0.021260463 0.034098759 -0.999192417 -18.522825241 0.034193605 0.998858333 0.033359803 0.390341043 0.999189079 -0.033456743 -0.022402151 22.025722504
-0.020590147 0.025913596 -0.999452055 -19.412534714 0.026424674 0.999328911 0.025366012 0.412786931 0.999438703 -0.025887907 -0.021261090 21.989036560
-0.021953024 0.022811964 -0.999498785 -20.338020325 0.020941297 0.999530792 0.022352744 0.440124333 0.999539673 -0.020440089 -0.022420436 21.955121994
-0.025415290 0.028787829 -0.999262393 -21.268047333 0.011412611 0.999528527 0.028505221 0.461966246 0.999611914 -0.010679723 -0.025731847 21.909107208
-0.030320100 0.037345026 -0.998842359 -22.251350403 0.006671985 0.999287069 0.037159123 0.479668081 0.999517977 -0.005537594 -0.030547651 21.864707947
-0.035137776 0.046883218 -0.998282194 -23.248632431 0.005172338 0.998894215 0.046729896 0.516223907 0.999369085 -0.003521468 -0.035341419 21.824134827
-0.036834352 0.056496669 -0.997723043 -24.276010513 0.003825023 0.998401165 0.056393854 0.561901152 0.999314010 -0.001739082 -0.036991563 21.779726028
-0.037523095 0.064735569 -0.997196734 -25.298646927 0.006138921 0.997895718 0.064549930 0.599417150 0.999276876 -0.003699600 -0.037841540 21.740743637
-0.038688902 0.065087222 -0.997129261 -26.302902222 0.006321799 0.997872293 0.064890444 0.660097778 0.999231279 -0.003793111 -0.039018054 21.690263748
-0.040725604 0.062036701 -0.997242570 -27.322578430 0.005300839 0.998070002 0.061871685 0.715893567 0.999156237 -0.002766461 -0.040975846 21.646425247
-0.043211702 0.057647936 -0.997401416 -28.345798492 0.004504272 0.998334885 0.057506759 0.756805241 0.999055743 -0.002007601 -0.043399416 21.592584610
-0.047458559 0.052457511 -0.997494757 -29.357902527 0.004901501 0.998620272 0.052283499 0.801024795 0.998861134 -0.002407923 -0.047650199 21.531681061
-0.052963544 0.047571421 -0.997462630 -30.382612228 0.004796502 0.998865247 0.047383625 0.842959225 0.998584867 -0.002274728 -0.053131618 21.468685150
-0.059898723 0.045506567 -0.997166574 -31.410644531 0.003911022 0.998963416 0.045353625 0.885854483 0.998196781 -0.001183317 -0.060014602 21.395849228
-0.066492580 0.048163932 -0.996623755 -32.470520020 0.004139939 0.998839021 0.047994781 0.922556639 0.997778356 -0.000934666 -0.066614784 21.323192596
-0.072737910 0.053004749 -0.995941639 -33.540103912 0.002819863 0.998593748 0.052939940 0.963147998 0.997347057 0.001042321 -0.072785079 21.234611511
-0.078810602 0.056322508 -0.995297194 -34.596267700 0.000315579 0.998404026 0.056473337 1.001580119 0.996889532 0.004136601 -0.078702576 21.141246796
-0.083328806 0.058130514 -0.994825184 -35.666000366 -0.003142742 0.998276830 0.058595456 1.053564906 0.996517181 0.008009166 -0.083002523 21.039710999
-0.085827112 0.059712175 -0.994518995 -36.745483398 -0.007330448 0.998137534 0.060562056 1.097308636 0.996283114 0.012488138 -0.085229531 20.931776047
-0.087791324 0.060975019 -0.994270921 -37.818733215 -0.011674649 0.997993290 0.062234148 1.150261879 0.996070445 0.017071383 -0.086903282 20.831956863
-0.088940345 0.060334701 -0.994207919 -38.898109436 -0.012638884 0.998014927 0.061696395 1.204885840 0.995956719 0.018052975 -0.088001229 20.718740463
-0.089948386 0.059600625 -0.994161487 -39.990280151 -0.014008670 0.998033285 0.061100215 1.253996849 0.995847881 0.019422743 -0.088936545 20.603189468
-0.091285370 0.058609892 -0.994098544 -41.076202393 -0.014817721 0.998076022 0.060205068 1.308633685 0.995714486 0.020226115 -0.090241283 20.500141144
-0.092053235 0.057927664 -0.994067669 -42.161941528 -0.017397251 0.998060405 0.059771378 1.359236479 0.995602131 0.022796195 -0.090866908 20.383319855
-0.092555515 0.055509113 -0.994159043 -43.228202820 -0.022108449 0.998084128 0.057786547 1.400874376 0.995462060 0.027327774 -0.091150984 20.273241043
-0.092655443 0.050510671 -0.994416237 -44.317890167 -0.026921211 0.998220325 0.053212296 1.448879242 0.995334327 0.031701297 -0.091130748 20.158775330
-0.092160687 0.050024264 -0.994486809 -45.414688110 -0.028562894 0.998193502 0.052857693 1.491786957 0.995334387 0.033276815 -0.090565376 20.055023193
-0.090514980 0.054113556 -0.994423866 -46.525535583 -0.029554250 0.997936904 0.056994833 1.538416505 0.995456398 0.034548335 -0.088728957 19.949728012
-0.088598482 0.057436891 -0.994409978 -47.618865967 -0.029629989 0.997742295 0.060269300 1.581480980 0.995626628 0.034804128 -0.086696588 19.845563889
-0.086771309 0.057056185 -0.994592965 -48.736301422 -0.027793355 0.997831345 0.059666723 1.636000276 0.995840490 0.032820437 -0.084997341 19.736713409
-0.084519096 0.055993941 -0.994847298 -49.843734741 -0.027392475 0.997911870 0.058493603 1.688957453 0.996045291 0.032195155 -0.082808807 19.642227173
-0.080243230 0.056316968 -0.995183229 -50.977500916 -0.031923376 0.997745275 0.059036009 1.746034145 0.996263921 0.036506847 -0.078264475 19.540559769
-0.074131660 0.057145558 -0.995609879 -52.099979401 -0.037014969 0.997511089 0.060010776 1.798890471 0.996561229 0.041301157 -0.071831919 19.437042236
-0.067724042 0.056667164 -0.996093571 -53.223484039 -0.040798623 0.997393250 0.059514992 1.851485729 0.996869564 0.044669833 -0.065235563 19.337194443
-0.062358819 0.055889376 -0.996487737 -54.365928650 -0.042328507 0.997384548 0.058588527 1.907128334 0.997155905 0.045833353 -0.059830002 19.266445160
-0.056683272 0.055025283 -0.996874690 -55.503429413 -0.041911736 0.997468770 0.057441209 1.960749507 0.997512162 0.045036703 -0.054233585 19.200176239
-0.051097307 0.054506071 -0.997205138 -56.644214630 -0.040613495 0.997570097 0.056607075 2.014839172 0.997867525 0.043392453 -0.048759472 19.131290436
-0.045485232 0.055373002 -0.997429192 -57.781612396 -0.039483298 0.997582734 0.057182055 2.061948538 0.998184383 0.041982729 -0.043188978 19.075050354
-0.039666705 0.057066832 -0.997582018 -58.939487457 -0.038764197 0.997528315 0.058605134 2.108368397 0.998460889 0.040995136 -0.037356514 19.027778625
-0.034213156 0.058370411 -0.997708619 -60.095706940 -0.039449297 0.997436047 0.059707262 2.160625458 0.998635709 0.041401669 -0.031822771 18.987796783
-0.029319305 0.057398099 -0.997920752 -61.262607574 -0.039024856 0.997523069 0.058521792 2.212566853 0.998808026 0.040659532 -0.027006738 18.955959320
-0.024569225 0.053151086 -0.998284161 -62.411342621 -0.038947940 0.997776568 0.054082617 2.257801533 0.998939157 0.040209878 -0.022444468 18.919584274
-0.020392785 0.047720984 -0.998652518 -63.563259125 -0.038429230 0.998084605 0.048478581 2.301993847 0.999053180 0.039366063 -0.018519845 18.897504807
-0.016217479 0.047397189 -0.998744428 -64.756141663 -0.038383689 0.998110056 0.047990344 2.343831539 0.999131441 0.039113775 -0.014367551 18.859285355
-0.013622386 0.050335977 -0.998639405 -65.930961609 -0.037613679 0.997999370 0.050816808 2.372115135 0.999199510 0.038254745 -0.011701813 18.862989426
-0.011244949 0.050118417 -0.998679936 -67.092971802 -0.037965573 0.998001575 0.050511856 2.414417267 0.999215782 0.038483456 -0.009319703 18.838106155
-0.010527696 0.049749371 -0.998706222 -68.260864258 -0.040193770 0.997933269 0.050134573 2.462717056 0.999136448 0.040669568 -0.008506326 18.825695038
-0.009276888 0.050666600 -0.998672485 -69.446838379 -0.041044448 0.997854531 0.051006369 2.503318548 0.999114275 0.041463144 -0.007177403 18.797006607
-0.007952734 0.050390437 -0.998697937 -70.625068665 -0.041570973 0.997849464 0.050678663 2.543060303 0.999103844 0.041919880 -0.005840852 18.779224396
-0.007146961 0.048542038 -0.998795569 -71.795463562 -0.041719913 0.997936964 0.048798837 2.581548214 0.999103785 0.042018425 -0.005107048 18.766117096
-0.006368496 0.047154643 -0.998867273 -73.007698059 -0.040200926 0.998067915 0.047373220 2.626637697 0.999171317 0.040457077 -0.004460532 18.758966446
-0.006420150 0.046663545 -0.998889983 -74.193824768 -0.037081309 0.998212457 0.046870224 2.669602871 0.999291599 0.037341069 -0.004678329 18.753717422
-0.005777503 0.047699589 -0.998845041 -75.367126465 -0.034885094 0.998244107 0.047872674 2.703165531 0.999374628 0.035121378 -0.004103355 18.744251251
-0.005533053 0.050594725 -0.998703957 -76.552604675 -0.034486949 0.998115540 0.050755978 2.742978334 0.999389827 0.034723084 -0.003777768 18.729642868
-0.005613804 0.054257259 -0.998511195 -77.733634949 -0.036273155 0.997858822 0.054425742 2.783141613 0.999326169 0.036524680 -0.003633702 18.725849152
-0.005552866 0.054294586 -0.998509526 -78.930961609 -0.038878590 0.997758210 0.054469936 2.827247620 0.999228477 0.039123118 -0.003429521 18.723623276
-0.005444725 0.052393883 -0.998611689 -80.109169006 -0.039790090 0.997824192 0.052569523 2.871318340 0.999193192 0.040021077 -0.003348121 18.713611603
-0.005121537 0.049983561 -0.998736918 -81.292808533 -0.039759647 0.997950077 0.050148062 2.911585808 0.999196172 0.039966274 -0.003123709 18.695993423
-0.005180811 0.049048163 -0.998782933 -82.479736328 -0.037380140 0.998088956 0.049207967 2.953806162 0.999287605 0.037589584 -0.003337482 18.690414429
-0.005231066 0.050303530 -0.998720229 -83.656188965 -0.036045462 0.998075426 0.050459851 2.996428013 0.999336481 0.036263291 -0.003407785 18.685783386
-0.004784313 0.053355232 -0.998564065 -84.832603455 -0.034839772 0.997960448 0.053489894 3.032226324 0.999381483 0.035045657 -0.002915671 18.676549911
-0.004544423 0.055836540 -0.998429537 -86.011215210 -0.035214841 0.997811675 0.055962257 3.074715137 0.999369502 0.035413846 -0.002568203 18.672967911
-0.003794702 0.055683769 -0.998441219 -87.177848816 -0.036838029 0.997762978 0.055785943 3.119230747 0.999314070 0.036992297 -0.001734933 18.651264191
-0.003632850 0.054109607 -0.998528421 -88.345291138 -0.036514290 0.997861922 0.054206342 3.157874823 0.999326646 0.036657475 -0.001649308 18.642774582
-0.003587568 0.052582972 -0.998610139 -89.516242981 -0.034936409 0.998000383 0.052676380 3.203677416 0.999383092 0.035076834 -0.001743334 18.639762878
-0.003818941 0.053458050 -0.998562753 -90.686470032 -0.032958124 0.998020887 0.053555083 3.247045040 0.999449432 0.033115290 -0.002049505 18.639432907
-0.003126867 0.056635957 -0.998390019 -91.850837708 -0.031084981 0.997906864 0.056705918 3.291721821 0.999511838 0.031212246 -0.001359794 18.625007629
-0.003864831 0.058914460 -0.998255551 -93.018676758 -0.029623788 0.997818053 0.059003338 3.336958647 0.999553621 0.029800147 -0.002111129 18.628383636
-0.002828696 0.060511958 -0.998163402 -94.189437866 -0.030811682 0.997688293 0.060570467 3.394986629 0.999521196 0.030926432 -0.000957681 18.609905243
-0.002082697 0.062673263 -0.998032033 -95.335494995 -0.033116318 0.997482359 0.062707864 3.438292503 0.999449313 0.033181746 -0.000001946 18.598480225
-0.001953758 0.061905164 -0.998080134 -96.497337341 -0.035051655 0.997464538 0.061935585 3.489001989 0.999383569 0.035105370 0.000221074 18.588743210
-0.002079063 0.057717450 -0.998330772 -97.649475098 -0.037395105 0.997630119 0.057754818 3.537798166 0.999298394 0.037452757 0.000084214 18.573516846
-0.001195813 0.056271210 -0.998414755 -98.821754456 -0.038793270 0.997661352 0.056275204 3.586568594 0.999246478 0.038799074 0.000989928 18.563846588
-0.001030632 0.054404370 -0.998518467 -99.987014771 -0.038560886 0.997774243 0.054403614 3.636810064 0.999255657 0.038559824 0.001069543 18.557998657
-0.000421057 0.054919142 -0.998490751 -101.154472351 -0.037394419 0.997791529 0.054896452 3.682513714 0.999300480 0.037361100 0.001633542 18.552221298
-0.001056842 0.057062298 -0.998370051 -102.315109253 -0.037698649 0.997658670 0.057061553 3.724396706 0.999288619 0.037697516 0.001096805 18.553745270
-0.001102616 0.059240397 -0.998243093 -103.480369568 -0.036499307 0.997576237 0.059241135 3.770595312 0.999333084 0.036500502 0.001062290 18.552518845
-0.001591720 0.058141224 -0.998307049 -104.637596130 -0.040815067 0.997472584 0.058157712 3.821617126 0.999165416 0.040838540 0.000785341 18.538528442
-0.001676754 0.059381995 -0.998233914 -105.805252075 -0.044250820 0.997253120 0.059397969 3.875371695 0.999018967 0.044272266 0.000955553 18.527301788
-0.001823633 0.058643397 -0.998277307 -106.982246399 -0.047623292 0.997141242 0.058663663 3.927942276 0.998863697 0.047648232 0.000974372 18.507463455
-0.002444262 0.054637857 -0.998503208 -108.157157898 -0.048422597 0.997328401 0.054692108 3.981219769 0.998823941 0.048483804 0.000207975 18.506029129
-0.002769083 0.050860655 -0.998701870 -109.340011597 -0.048323397 0.997532189 0.050935067 4.023840904 0.998827875 0.048401717 -0.000304491 18.494007111
-0.003809238 0.049868319 -0.998748541 -110.536094666 -0.044890217 0.997740328 0.049989197 4.070228577 0.998984635 0.045024458 -0.001562031 18.487758636
-0.004177824 0.049496122 -0.998765528 -111.710861206 -0.040723599 0.997937262 0.049625427 4.107085228 0.999161720 0.040880661 -0.002153545 18.488695145
-0.004244773 0.051336195 -0.998672366 -112.918937683 -0.039958354 0.997875094 0.051465046 4.155879498 0.999192297 0.040123761 -0.002184443 18.475753784
-0.005126184 0.055425089 -0.998449624 -114.139350891 -0.038814500 0.997699320 0.055582717 4.192840576 0.999233246 0.039039258 -0.002963093 18.461542130
-0.005878046 0.055160824 -0.998460293 -115.379882812 -0.037371811 0.997767806 0.055342592 4.260987282 0.999284089 0.037639577 -0.003803464 18.460203171
-0.006739407 0.050527267 -0.998699903 -116.601776123 -0.037145920 0.998020649 0.050743561 4.314336777 0.999287069 0.037439611 -0.004849185 18.449274063
-0.007359705 0.047215156 -0.998857677 -117.836631775 -0.037806477 0.998157501 0.047460623 4.353117466 0.999257982 0.038112585 -0.005561105 18.430225372
-0.007986872 0.045684595 -0.998924077 -119.088775635 -0.036828689 0.998264670 0.045948908 4.401938915 0.999289691 0.037156049 -0.006290509 18.423038483
-0.008722138 0.046563037 -0.998877287 -120.330207825 -0.038821425 0.998146474 0.046867955 4.450434208 0.999208093 0.039186634 -0.006898327 18.404151917
-0.009342875 0.051622942 -0.998622894 -121.596733093 -0.043438144 0.997702956 0.051981773 4.492125988 0.999012411 0.043863993 -0.007079010 18.385656357
-0.009396011 0.055072799 -0.998438120 -122.868347168 -0.049064692 0.997254252 0.055469215 4.539177418 0.998751402 0.049509246 -0.006668082 18.350898743
-0.009498944 0.054647237 -0.998460591 -124.131942749 -0.056310713 0.996891797 0.055097092 4.595847130 0.998368084 0.056747384 -0.006392195 18.322294235
-0.008940512 0.052738018 -0.998568356 -125.389389038 -0.060020473 0.996779442 0.053180929 4.646043777 0.998157084 0.060410012 -0.005746358 18.288839340
-0.009812939 0.051356070 -0.998632133 -126.647033691 -0.061951473 0.996730566 0.051867038 4.694216728 0.998030901 0.062375709 -0.006599270 18.272581100
-0.010608525 0.050560873 -0.998664618 -127.906219482 -0.062043857 0.996763229 0.051123686 4.738247395 0.998017073 0.062503345 -0.007437197 18.254446030
-0.010819607 0.050346594 -0.998673201 -129.190780640 -0.059934590 0.996903360 0.050906710 4.774976730 0.998143613 0.060405854 -0.007768605 18.237482071
-0.011500850 0.050936639 -0.998635590 -130.444351196 -0.059987485 0.996867836 0.051537320 4.819796085 0.998132885 0.060498361 -0.008409266 18.221759796
-0.011331916 0.055851251 -0.998374820 -131.679138184 -0.059909627 0.996607482 0.056432374 4.879313946 0.998139501 0.060451753 -0.007947441 18.176948547
-0.011614110 0.059880011 -0.998138011 -132.954025269 -0.059182201 0.996414304 0.060465224 4.932679176 0.998179615 0.059774268 -0.008028635 18.153415680
-0.011544863 0.058623653 -0.998213351 -134.215194702 -0.059071451 0.996496558 0.059206005 4.986564636 0.998187006 0.059649438 -0.008041428 18.128021240
-0.011273597 0.057303626 -0.998293161 -135.446319580 -0.058638707 0.996600568 0.057868667 5.026341438 0.998215616 0.059191007 -0.007875063 18.135295868
-0.010157266 0.056739729 -0.998337328 -136.694763184 -0.057597000 0.996698022 0.057232566 5.079262733 0.998288214 0.058082566 -0.006855689 18.115516663
-0.008678057 0.056053177 -0.998390019 -137.962539673 -0.057788409 0.996730924 0.056462314 5.127135277 0.998291254 0.058185365 -0.005410464 18.089767456
-0.008369617 0.058012240 -0.998280764 -139.205871582 -0.057480883 0.996637166 0.058398649 5.179185867 0.998311520 0.057870835 -0.005006878 18.082910538
-0.007449381 0.061798323 -0.998060822 -140.468505859 -0.058552168 0.996349096 0.062129360 5.233225346 0.998256564 0.058901459 -0.003803758 18.069869995
-0.005629395 0.062792405 -0.998010874 -141.723236084 -0.060645118 0.996168196 0.063018560 5.291490078 0.998143435 0.060879238 -0.001799770 18.044321060
-0.004241423 0.060140077 -0.998180985 -142.986740112 -0.063109435 0.996184051 0.060287926 5.348470688 0.997997582 0.063250341 -0.000429831 18.024925232
-0.004660420 0.057251599 -0.998348951 -144.240478516 -0.061824065 0.996433437 0.057430360 5.396050453 0.998076081 0.061989632 -0.001104271 18.020601273
-0.004808562 0.055688370 -0.998436630 -145.459869385 -0.058966834 0.996694922 0.055875223 5.442281723 0.998248339 0.059143327 -0.001508903 18.011272430
-0.004835206 0.054884210 -0.998481035 -146.688980103 -0.057722803 0.996812522 0.055072032 5.492211819 0.998320937 0.057901405 -0.001651723 18.002534866
-0.005324379 0.055611517 -0.998438418 -147.969360352 -0.055514768 0.996896207 0.055821672 5.540188789 0.998443604 0.055725295 -0.002220593 17.993434906
-0.005383761 0.054249529 -0.998512924 -149.195465088 -0.053504575 0.997081339 0.054460242 5.585907936 0.998553038 0.053718213 -0.002465451 17.984058380
-0.004948900 0.054244377 -0.998515427 -150.459304810 -0.052250739 0.997149587 0.054429147 5.637120724 0.998621762 0.052442532 -0.002100485 17.967285156
-0.005411495 0.056691967 -0.998377025 -151.701751709 -0.049796686 0.997137666 0.056891505 5.690484047 0.998744845 0.050023738 -0.002572934 17.964523315
-0.005605332 0.058426458 -0.998275995 -152.946319580 -0.047132306 0.997166753 0.058626186 5.730908394 0.998872936 0.047379676 -0.002835677 17.966773987
-0.005293618 0.057003699 -0.998359919 -154.174697876 -0.045197193 0.997339964 0.057185110 5.781767368 0.998964012 0.045425788 -0.002703130 17.950733185
-0.006665063 0.057391003 -0.998329461 -155.404647827 -0.045570716 0.997297049 0.057635881 5.831336975 0.998938859 0.045878738 -0.004031699 17.948698044
-0.006669370 0.061655436 -0.998075187 -156.631561279 -0.045913152 0.997025907 0.061897427 5.889918804 0.998923182 0.046237592 -0.003818739 17.937103271
-0.006231189 0.068912655 -0.997603238 -157.861343384 -0.051476356 0.996277809 0.069142625 5.939836502 0.998654723 0.051783819 -0.002660624 17.924728394
-0.004872154 0.068622828 -0.997630775 -159.107757568 -0.056110635 0.996052027 0.068788260 6.002315521 0.998412669 0.056312848 -0.001002449 17.903476715
-0.003650957 0.064682558 -0.997899175 -160.337173462 -0.059951823 0.996096730 0.064785063 6.066125870 0.998194575 0.060062408 0.000241131 17.883581161
-0.001636541 0.059619796 -0.998219728 -161.553787231 -0.061763220 0.996309340 0.059606958 6.114351273 0.998089492 0.061750822 0.002051809 17.869714737
-0.000954471 0.058261901 -0.998300791 -162.774887085 -0.064467750 0.996221066 0.058202159 6.166189194 0.997919381 0.064413756 0.002805149 17.859632492
0.000325709 0.054945376 -0.998489320 -163.978729248 -0.059584439 0.996716380 0.054828372 6.211982727 0.998223245 0.059476566 0.003598528 17.867090225
0.000750455 0.050112318 -0.998743296 -165.192062378 -0.056500431 0.997150302 0.049989939 6.263467312 0.998402297 0.056391910 0.003579685 17.861133575
0.000320622 0.046612643 -0.998912990 -166.423233032 -0.050387084 0.997644901 0.046537302 6.307634354 0.998729646 0.050317388 0.002668542 17.864288330
-0.000686404 0.049665432 -0.998765647 -167.654129028 -0.048246633 0.997601151 0.049640685 6.351799965 0.998835206 0.048221160 0.001711432 17.862186432
-0.000262401 0.056209359 -0.998418987 -168.892379761 -0.049210213 0.997208714 0.056154151 6.395857811 0.998788416 0.049147151 0.002504406 17.855857849
0.001233773 0.059375670 -0.998234928 -170.126098633 -0.050034501 0.996989071 0.059239719 6.444762707 0.998746753 0.049873099 0.004200891 17.860570908
0.002852469 0.056019004 -0.998425603 -171.337020874 -0.050950892 0.997141004 0.055801369 6.495276451 0.998697162 0.050711498 0.005698533 17.857250214
0.003734678 0.056689382 -0.998384833 -172.571319580 -0.053184021 0.996990144 0.056411229 6.545329094 0.998577774 0.052887443 0.006738406 17.854333878
0.004595152 0.057395045 -0.998340964 -173.762588501 -0.051718913 0.997029006 0.057081576 6.591121197 0.998651028 0.051370814 0.007549908 17.856431961
0.005175291 0.054918502 -0.998477399 -174.965866089 -0.051388957 0.997186065 0.054581117 6.644200802 0.998665273 0.051028244 0.007982931 17.861480713
0.007192977 0.053504873 -0.998541653 -176.169204712 -0.052145176 0.997228980 0.053058915 6.689759254 0.998613596 0.051687475 0.009963066 17.857803345
0.008458436 0.055322867 -0.998432696 -177.331649780 -0.053092420 0.997084916 0.054798406 6.731666088 0.998553753 0.052545700 0.011371004 17.871435165
0.010010537 0.057433665 -0.998299122 -178.450088501 -0.053301636 0.996960461 0.056822162 6.763700962 0.998528242 0.052642159 0.013041419 17.868114471
0.010462143 0.058943026 -0.998206437 -179.538192749 -0.054158185 0.996829391 0.058294069 6.798181534 0.998477578 0.053451177 0.013621218 17.874643326
0.010804866 0.060389180 -0.998116434 -180.621490479 -0.054713201 0.996715009 0.059712112 6.829592228 0.998443604 0.053964969 0.014073459 17.875087738
0.010493931 0.061282974 -0.998065233 -181.671768188 -0.054235760 0.996685922 0.060628027 6.869036674 0.998473048 0.053494595 0.013782881 17.886772156
0.011276357 0.060362317 -0.998112798 -182.694274902 -0.054592066 0.996724665 0.059661604 6.906215668 0.998445094 0.053816285 0.014534729 17.889175415
0.012765584 0.060449976 -0.998089612 -183.670791626 -0.055260748 0.996688068 0.059658300 6.939099312 0.998390436 0.054393604 0.016063815 17.899003983
0.013939678 0.061250366 -0.998025179 -184.638137817 -0.056079507 0.996598899 0.060379561 6.972044468 0.998328984 0.055127084 0.017327160 17.911119461
0.013396284 0.059683137 -0.998127460 -185.572418213 -0.054802172 0.996760488 0.058865871 7.003167152 0.998407304 0.053910967 0.016623650 17.920362473
0.010165677 0.056657989 -0.998341918 -186.507232666 -0.052244347 0.997059941 0.056053255 7.034060478 0.998582542 0.051587902 0.013095850 17.929273605
0.005139103 0.053003546 -0.998581111 -187.432525635 -0.052071206 0.997253656 0.052665114 7.066027641 0.998630166 0.051726669 0.007884948 17.930191040
0.000255626 0.050076336 -0.998745382 -188.358444214 -0.053672884 0.997306466 0.049990453 7.098626137 0.998558462 0.053592768 0.002942679 17.923915863
-0.003493259 0.049306784 -0.998777568 -189.285385132 -0.055835325 0.997215867 0.049424980 7.132776260 0.998433828 0.055939719 -0.000730473 17.912019730
-0.006373019 0.050276782 -0.998714983 -190.198104858 -0.057315558 0.997075081 0.050559968 7.156444550 0.998335719 0.057564124 -0.003472737 17.900108337
-0.008625843 0.052129764 -0.998603106 -191.119888306 -0.055995826 0.997048020 0.052532274 7.182292938 0.998393655 0.056370739 -0.005681329 17.892812729
-0.010136102 0.053418849 -0.998520672 -192.064239502 -0.053292323 0.997124016 0.053885091 7.220075607 0.998527527 0.053759675 -0.007260137 17.882101059
-0.011628846 0.053502418 -0.998500049 -192.976882935 -0.051780552 0.997195482 0.054035578 7.258572578 0.998590827 0.052331254 -0.008825849 17.868009567
-0.012042372 0.052109111 -0.998568773 -193.886596680 -0.052553553 0.997228026 0.052672915 7.295107365 0.998545468 0.053112641 -0.009270473 17.846694946
-0.012763880 0.051345345 -0.998599291 -194.817581177 -0.054314420 0.997170746 0.051966123 7.321686268 0.998442292 0.054901633 -0.009938977 17.823497772
-0.012979676 0.050919447 -0.998618424 -195.712707520 -0.057573251 0.997007608 0.051585626 7.349427223 0.998256922 0.058163278 -0.010009236 17.812017441
-0.012788794 0.049003966 -0.998716772 -196.625915527 -0.060324885 0.996941268 0.049689323 7.382551193 0.998096883 0.060882937 -0.009793516 17.801216125
-0.011885354 0.046764925 -0.998835146 -197.545074463 -0.059961360 0.997074902 0.047395989 7.407762051 0.998130023 0.060454842 -0.009046497 17.786430359
-0.011121672 0.044653978 -0.998940647 -198.466033936 -0.060135491 0.997164309 0.045244090 7.430529118 0.998128295 0.060574975 -0.008404846 17.766180038
-0.010030334 0.043786947 -0.998990476 -199.381210327 -0.059862729 0.997222662 0.044310503 7.465146542 0.998156250 0.060246743 -0.007381271 17.752285004
-0.009898468 0.046500020 -0.998869240 -200.315048218 -0.057503067 0.997238755 0.046993949 7.493631363 0.998296320 0.057903215 -0.007197240 17.748004913
-0.010045679 0.047615387 -0.998815179 -201.255264282 -0.056767687 0.997227609 0.048110645 7.523447514 0.998336852 0.057183739 -0.007314812 17.737216949
-0.008761681 0.044134893 -0.998987198 -202.181289673 -0.051810697 0.997663617 0.044530831 7.551327229 0.998618484 0.052148387 -0.006454552 17.724952698
-0.008164447 0.040885374 -0.999130487 -203.115432739 -0.050417904 0.997876167 0.041246045 7.582645416 0.998694837 0.050710808 -0.006085753 17.713163376
-0.008074658 0.041368738 -0.999111235 -204.056579590 -0.055038072 0.997610986 0.041751422 7.614707470 0.998451531 0.055326287 -0.005778512 17.699016571
-0.006616275 0.045328785 -0.998950124 -205.000503540 -0.055997021 0.997387826 0.045628767 7.642971992 0.998408973 0.056240123 -0.004060715 17.687248230
-0.004227880 0.044893593 -0.998982787 -205.988418579 -0.053569801 0.997547090 0.045055777 7.676612377 0.998555183 0.053705800 -0.001812570 17.674427032
-0.001991863 0.045905970 -0.998943746 -206.949722290 -0.052414909 0.997567773 0.045947254 7.716705322 0.998623431 0.052451067 0.000419138 17.670080185
-0.000320844 0.050435480 -0.998727202 -207.920288086 -0.053365916 0.997303307 0.050380707 7.753601074 0.998574972 0.053314161 0.002371556 17.664119720
0.001115047 0.054630779 -0.998506010 -208.937393188 -0.049843572 0.997268677 0.054507405 7.786078453 0.998756349 0.049708340 0.003834994 17.674821854
0.002426497 0.054776642 -0.998495698 -209.927032471 -0.049526431 0.997279823 0.054589588 7.830853462 0.998769879 0.049319465 0.005132788 17.674011230
0.004003569 0.055824786 -0.998432517 -210.941894531 -0.052631389 0.997068465 0.055537473 7.872305393 0.998605967 0.052326541 0.006929968 17.677766800
0.007337729 0.057646602 -0.998310089 -211.969650269 -0.055305913 0.996832252 0.057154767 7.917155743 0.998442471 0.054793060 0.010502683 17.670431137
0.010607800 0.057962913 -0.998262346 -212.998519897 -0.056468341 0.996760190 0.057275642 7.962101460 0.998347998 0.055762656 0.013846503 17.681825638
0.013620745 0.055050418 -0.998390794 -214.022613525 -0.059105866 0.996781647 0.054155335 8.007102966 0.998158813 0.058273111 0.016830713 17.685527802
