1.000000000 0.000000000 0.000000000 0.000000000 0.000000000 1.000000000 0.000000000 0.000000000 0.000000000 0.000000000 1.000000000 0.000000000
0.999978960 0.000403940 -0.006470199 -0.008261792 -0.000401373 0.999999821 0.000398029 -0.001917899 0.006470358 -0.000395424 0.999978960 0.091728315
0.999907076 0.000953195 -0.013598678 -0.016223844 -0.000951463 0.999999523 0.000133801 -0.001638368 0.013598800 -0.000120850 0.999907553 0.188523695
0.999772370 0.001381182 -0.021290591 -0.026039211 -0.001393565 0.999998868 -0.000566800 -0.002074381 0.021289784 0.000596341 0.999773145 0.285378605
0.999541759 0.001710569 -0.030221179 -0.042916272 -0.001770866 0.999996483 -0.001968540 -0.002113522 0.030217705 0.002021156 0.999541283 0.390510917
0.999125421 0.001924854 -0.041768927 -0.058973685 -0.002070049 0.999991953 -0.003433170 -0.004856200 0.041761983 0.003516631 0.999121428 0.501241922
0.998479605 0.001734524 -0.055094656 -0.084406123 -0.001960671 0.999989867 -0.004050924 -0.007885659 0.055087071 0.004152788 0.998472929 0.625980377
0.997428298 0.001863102 -0.071647070 -0.108711079 -0.002187339 0.999987721 -0.004447279 -0.003890028 0.071637906 0.004592558 0.997420132 0.761223257
0.995905697 0.000236158 -0.090397842 -0.134814873 -0.000616614 0.999991059 -0.004180786 -0.009102225 0.090396047 0.004219409 0.995896935 0.916901290
0.993912637 -0.000750219 -0.110168673 -0.176043451 0.000270069 0.999990404 -0.004373182 -0.012587776 0.110170893 0.004316807 0.993903279 1.075598359
0.991238117 -0.000908918 -0.132083908 -0.219079584 0.000277227 0.999988437 -0.004800808 -0.011216267 0.132086724 0.004722127 0.991226852 1.229329944
0.987708449 0.002682603 -0.156284720 -0.271935344 -0.003683502 0.999974489 -0.006115066 -0.016583849 0.156264320 0.006615576 0.987693131 1.397087097
0.983322382 0.007101281 -0.181732535 -0.338417172 -0.008611202 0.999934614 -0.007520781 -0.023095503 0.181667238 0.008960287 0.983319283 1.572050810
0.977933049 0.010002655 -0.208679095 -0.411494642 -0.012056056 0.999890506 -0.008570373 -0.026291549 0.208570510 0.010897097 0.977946699 1.752689362
0.971233130 0.010636244 -0.237893045 -0.489366800 -0.013135514 0.999873877 -0.008923104 -0.027097378 0.237768129 0.011791261 0.971250415 1.938538790
0.963181496 0.012533372 -0.268559873 -0.580411613 -0.015344360 0.999847233 -0.008370379 -0.030940317 0.268413901 0.012183074 0.963226676 2.137108564
0.953768015 0.014548378 -0.300191194 -0.672937632 -0.017577950 0.999818265 -0.007393807 -0.033213977 0.300029069 0.012328724 0.953850389 2.315839291
0.942500055 0.016265022 -0.333810061 -0.771759927 -0.019493237 0.999790072 -0.006323270 -0.033284411 0.333637089 0.012466720 0.942619145 2.503370762
0.929939985 0.018331561 -0.367254257 -0.875198901 -0.021955416 0.999742806 -0.005691898 -0.037692666 0.367055476 0.013356343 0.930103123 2.683056831
0.916096151 0.021269862 -0.400394022 -0.996568561 -0.025438847 0.999663353 -0.005099305 -0.037507974 0.400150776 0.014857016 0.916328847 2.864414930
0.900030315 0.021883216 -0.435277671 -1.111419797 -0.026452122 0.999640226 -0.004439389 -0.038405724 0.435023904 0.015509602 0.900285363 3.036390066
0.881635785 0.017806586 -0.471594512 -1.232890606 -0.022744652 0.999729931 -0.004772578 -0.042803682 0.471382141 0.014933927 0.881802678 3.209696770
0.860560775 0.013328942 -0.509173334 -1.373112798 -0.018409120 0.999818325 -0.004940644 -0.048276313 0.509015024 0.013625154 0.860649824 3.387776613
0.835501969 0.014935981 -0.549284577 -1.533519268 -0.019081332 0.999816298 -0.001837383 -0.051174484 0.549156308 0.012016219 0.835633337 3.567871809
0.806360185 0.020553129 -0.591067553 -1.711189032 -0.023663342 0.999716878 0.002480485 -0.059232328 0.590951145 0.011986468 0.806618392 3.731723309
0.773857951 0.023734286 -0.632914305 -1.910620332 -0.027141999 0.999622285 0.004299583 -0.061404392 0.632777333 0.013851292 0.774209976 3.901100159
0.737900496 0.022608489 -0.674530566 -2.124891043 -0.025988316 0.999649286 0.005075771 -0.063484214 0.674408793 0.013784499 0.738229454 4.073907375
0.697684348 0.018306797 -0.716171265 -2.339363098 -0.020020971 0.999781191 0.006052285 -0.061172169 0.716125369 0.010115860 0.697898328 4.243578434
0.654856861 0.014687012 -0.755610108 -2.578517675 -0.014656395 0.999869883 0.006732652 -0.061152063 0.755610704 0.006665596 0.654987037 4.405912399
0.610987544 0.014289110 -0.791511178 -2.842956543 -0.012096272 0.999889016 0.008713521 -0.060097996 0.791547835 0.004250485 0.611092389 4.542482376
0.562636554 0.014815578 -0.826571584 -3.119504690 -0.009729576 0.999888837 0.011299342 -0.056836292 0.826647103 0.001684770 0.562718034 4.681184769
0.512336791 0.015296206 -0.858648360 -3.412019253 -0.007857209 0.999883056 0.013123972 -0.051665634 0.858748674 0.000022688 0.512396991 4.794034958
0.459205240 0.016529568 -0.888176441 -3.724193811 -0.007463860 0.999863327 0.014749167 -0.042272530 0.888298810 -0.000143670 0.459265918 4.906717300
0.404407769 0.018791445 -0.914385796 -4.056428432 -0.005953179 0.999821782 0.017914305 -0.041263275 0.914559364 -0.001801181 0.404447556 5.004834175
0.348971695 0.020617232 -0.936906457 -4.409967422 -0.005717721 0.999786079 0.019871246 -0.033597358 0.937115788 -0.001577531 0.349014968 5.085995674
0.293660104 0.023700688 -0.955616117 -4.789919376 -0.003261577 0.999711692 0.023792041 -0.027078196 0.955904245 -0.003869957 0.293652713 5.163055897
0.239913747 0.025515297 -0.970458865 -5.130970001 0.001359746 0.999644816 0.026618801 -0.029784873 0.970793247 -0.007705795 0.239793807 5.219201565
0.189068928 0.025913294 -0.981621981 -5.517656803 0.003539354 0.999627292 0.027070321 -0.024443969 0.981957436 -0.008592465 0.188906759 5.252697945
0.141360611 0.027031746 -0.989589155 -5.922444344 0.001250029 0.999621451 0.027484355 -0.019968778 0.989957392 -0.005122221 0.141273320 5.274324417
0.098933533 0.027333822 -0.994718671 -6.368593216 -0.000419328 0.999623656 0.027426902 -0.008997440 0.995093942 -0.002296327 0.098907769 5.278085709
0.061000943 0.025845164 -0.997803032 -6.819817066 -0.001751182 0.999665797 0.025786351 0.002290323 0.998136163 0.000174342 0.061025813 5.272152424
0.026741443 0.023085434 -0.999375761 -7.276773453 -0.000425616 0.999733448 0.023082310 0.007949799 0.999642313 -0.000191903 0.026744140 5.263649464
-0.004301861 0.020498419 -0.999780655 -7.753375053 0.000154712 0.999789894 0.020497942 0.011512682 0.999990702 -0.000066499 -0.004304131 5.232832432
-0.031149335 0.018653467 -0.999340713 -8.246928215 -0.000229244 0.999825656 0.018669669 0.018611580 0.999514759 0.000810641 -0.031139627 5.197310448
-0.051627029 0.016147530 -0.998535872 -8.752882004 -0.001349000 0.999867201 0.016238805 0.030303366 0.998665571 0.002185387 -0.051598392 5.146904469
-0.068310454 0.015173857 -0.997548640 -9.269971848 -0.000568347 0.999883592 0.015248293 0.041934669 0.997664094 0.001608572 -0.068293862 5.108027458
-0.081304125 0.015470439 -0.996569216 -9.807250023 -0.000221816 0.999879181 0.015539918 0.050613962 0.996689320 0.001484514 -0.081290878 5.053071976
-0.090901189 0.016996549 -0.995714843 -10.363053322 -0.000130433 0.999854028 0.017079111 0.053081430 0.995859921 0.001682386 -0.090885721 4.993865967
-0.097813204 0.018234562 -0.995037735 -10.939538956 -0.002249431 0.999825418 0.018543418 0.050975263 0.995202243 0.004052060 -0.097755119 4.929438591
-0.102217056 0.019161321 -0.994577587 -11.531126022 -0.002177296 0.999807775 0.019485855 0.057561547 0.994759798 0.004157277 -0.102155678 4.860133171
-0.103664704 0.019949289 -0.994412303 -12.137970924 0.000019938 0.999798954 0.020055272 0.068652883 0.994612396 0.002059197 -0.103644237 4.795444489
-0.102840319 0.022141803 -0.994451463 -12.756638527 0.002129533 0.999754906 0.022039657 0.074355200 0.994695604 0.000148849 -0.102862261 4.736447334
-0.100998074 0.024392303 -0.994587541 -13.416115761 0.001035425 0.999701381 0.024412572 0.085176036 0.994886160 0.001435802 -0.100993179 4.661614418
-0.099414147 0.024583740 -0.994742393 -14.070253372 -0.001275895 0.999690771 0.024833540 0.090068892 0.995045245 0.003737992 -0.099352054 4.592616081
-0.097686253 0.022053974 -0.994972825 -14.731300354 -0.002467352 0.999745905 0.022402015 0.101432562 0.995214224 0.004643317 -0.097607017 4.525088787
-0.096277416 0.021825474 -0.995115221 -15.413556099 -0.003215015 0.999747455 0.022238128 0.112084314 0.995349288 0.005340340 -0.096182950 4.451251507
-0.094773792 0.024411172 -0.995199442 -16.109220505 -0.003191820 0.999686658 0.024825195 0.124983877 0.995493710 0.005529276 -0.094666168 4.386628628
-0.093048558 0.027997565 -0.995267808 -16.830402374 -0.004458997 0.999582767 0.028535824 0.134030014 0.995651543 0.007093114 -0.092884883 4.317343712
-0.091337994 0.029899469 -0.995370924 -17.559726715 -0.004126783 0.999529123 0.030403061 0.147912681 0.995811343 0.006884636 -0.091171592 4.246929169
-0.089805871 0.029016795 -0.995536447 -18.300167084 -0.006061841 0.999540985 0.029680345 0.163667440 0.995940864 0.008700254 -0.089588754 4.176251411
-0.087617114 0.026265223 -0.995807886 -19.053901672 -0.008379154 0.999597490 0.027102428 0.174362808 0.996118963 0.010718666 -0.087361783 4.098069191
-0.085945494 0.025769597 -0.995966554 -19.828014374 -0.009343311 0.999600649 0.026669897 0.188889593 0.996256113 0.011597783 -0.085670419 4.022993565
-0.084474765 0.027784521 -0.996038139 -20.608934402 -0.006852569 0.999571383 0.028464250 0.207077742 0.996402085 0.009229933 -0.084248148 3.955429077
-0.083551385 0.030138370 -0.996047676 -21.407707214 -0.004851119 0.999518275 0.030650316 0.217267036 0.996491730 0.007392821 -0.083364941 3.892609119
-0.082022652 0.031775270 -0.996123731 -22.192087173 -0.003910738 0.999473691 0.032204136 0.230943680 0.996622741 0.006537049 -0.081855223 3.824476957
-0.081310287 0.027060151 -0.996321380 -22.997255325 -0.003808148 0.999615669 0.027460400 0.244311213 0.996681631 0.006026953 -0.081175990 3.754308462
-0.080848388 0.020135473 -0.996522903 -23.803802490 -0.002670201 0.999788046 0.020418070 0.250110507 0.996722817 0.004311686 -0.080777489 3.686141968
-0.081301779 0.015707089 -0.996565700 -24.620328903 0.000763486 0.999876499 0.015696976 0.258746177 0.996689200 0.000515329 -0.081303760 3.619554758
-0.081637286 0.016512230 -0.996525347 -25.447101593 0.001723155 0.999863505 0.016426383 0.267355263 0.996660650 -0.000376163 -0.081654601 3.547765493
-0.081533857 0.024061501 -0.996380210 -26.287469864 0.001198323 0.999710202 0.024043860 0.271256447 0.996669888 0.000766403 -0.081539072 3.469161749
-0.082024917 0.031108521 -0.996144712 -27.129739761 -0.000091554 0.999512553 0.031221233 0.282898009 0.996630251 0.002652120 -0.081982069 3.401700735
-0.082315996 0.036608994 -0.995933652 -27.967050552 -0.002361343 0.999315262 0.036928456 0.291681707 0.996603489 0.005391544 -0.082173161 3.323915720
-0.082611062 0.036941011 -0.995896935 -28.809787750 -0.003767177 0.999293983 0.037379507 0.302606583 0.996574700 0.006839682 -0.082413562 3.242785931
-0.082837917 0.033208929 -0.996009529 -29.647634506 -0.003835590 0.999426544 0.033641867 0.319937170 0.996555626 0.006607107 -0.082663044 3.166790485
-0.083087243 0.030387705 -0.996078789 -30.483474731 -0.004052081 0.999516428 0.030830573 0.335525334 0.996533990 0.006597820 -0.082923934 3.091321945
-0.083518483 0.031403318 -0.996011317 -31.323854446 -0.005362147 0.999474585 0.031962156 0.351328254 0.996491730 0.008010190 -0.083306223 3.015763044
-0.083204016 0.034379013 -0.995939374 -32.153736115 -0.006899496 0.999360919 0.035073530 0.351157486 0.996508658 0.009789738 -0.082913660 2.940094471
-0.083219245 0.032986593 -0.995985150 -32.986019135 -0.007321170 0.999404848 0.033711568 0.363149226 0.996504366 0.010097229 -0.082928203 2.867083788
-0.082876638 0.027488936 -0.996180713 -33.822711945 -0.008030813 0.999568522 0.028250551 0.377286255 0.996527433 0.010341452 -0.082620136 2.788023472
-0.082639933 0.023557292 -0.996301115 -34.632377625 -0.009365459 0.999658167 0.024413504 0.385188103 0.996535599 0.011348345 -0.082391046 2.719241858
-0.082273908 0.024178883 -0.996316433 -35.470195770 -0.009052522 0.999646246 0.025007235 0.395018101 0.996568680 0.011076617 -0.082025915 2.648456335
-0.081376515 0.026913185 -0.996320009 -36.307437897 -0.007761435 0.999587893 0.027635392 0.399253726 0.996653199 0.009981743 -0.081134088 2.569151640
-0.080945417 0.031828728 -0.996210158 -37.132453918 -0.007804342 0.999439120 0.032566026 0.405857742 0.996688008 0.010410836 -0.080651611 2.500268936
-0.080332197 0.037278108 -0.996070802 -37.977313995 -0.006621783 0.999258399 0.037931446 0.424053907 0.996746242 0.009642881 -0.080025770 2.429395676
-0.080683865 0.040498827 -0.995916665 -38.818065643 -0.007429306 0.999121964 0.041231055 0.435078859 0.996712089 0.010725650 -0.080312155 2.358193636
-0.080078512 0.040062536 -0.995983124 -39.638881683 -0.006243827 0.999152184 0.040692024 0.463194966 0.996769071 0.009477304 -0.079760477 2.286235332
-0.080003299 0.035989583 -0.996144593 -40.447891235 -0.006841658 0.999304593 0.036653217 0.472386599 0.996771157 0.009747660 -0.079701431 2.216406822
-0.079352424 0.031920671 -0.996335447 -41.277988434 -0.007691167 0.999437809 0.032632619 0.486623943 0.996816993 0.010252460 -0.079062328 2.138439894
-0.079250470 0.029323824 -0.996423304 -42.100143433 -0.012114516 0.999465048 0.030376870 0.495309889 0.996781170 0.014478567 -0.078852847 2.059866905
-0.079674184 0.027624182 -0.996438086 -42.914844513 -0.015654229 0.999457955 0.028959602 0.505319774 0.996698141 0.017905803 -0.079198562 1.988336086
-0.080267563 0.025802992 -0.996439278 -43.732391357 -0.013333037 0.999547601 0.026957521 0.511879086 0.996684194 0.015449376 -0.079887241 1.918757677
-0.081676193 0.021637671 -0.996424019 -44.547328949 -0.009443157 0.999702513 0.022482917 0.522179961 0.996614099 0.011245708 -0.081447586 1.855005264
-0.082136869 0.020553218 -0.996409118 -45.376453400 -0.004943905 0.999766529 0.021030018 0.527905166 0.996608794 0.006653491 -0.082016096 1.780944824
-0.083881356 0.023620296 -0.996195734 -46.198143005 -0.004944422 0.999696732 0.024119642 0.537896574 0.996463478 0.006948800 -0.083739139 1.703797579
-0.085738279 0.030428231 -0.995853007 -47.011035919 -0.002737715 0.999522448 0.030776061 0.535169542 0.996313930 0.005365048 -0.085614055 1.633370876
-0.087650985 0.034189660 -0.995564342 -47.821613312 -0.000151410 0.999410331 0.034335077 0.543405533 0.996151209 0.003160239 -0.087594137 1.559630394
-0.088834971 0.033123225 -0.995495498 -48.626152039 -0.001271056 0.999442160 0.033367980 0.552905440 0.996045470 0.004229573 -0.088743329 1.481350899
-0.090105444 0.029181272 -0.995504677 -49.396144867 -0.004072157 0.999551475 0.029668482 0.562246084 0.995923936 0.006727142 -0.089946195 1.408563614
-0.091345184 0.025453351 -0.995494008 -50.190746307 -0.008681414 0.999614954 0.026355319 0.573463023 0.995781541 0.011049726 -0.091089040 1.322515011
-0.093074717 0.024078742 -0.995368004 -50.982852936 -0.012769245 0.999596417 0.025375057 0.581515849 0.995577276 0.015071874 -0.092729688 1.238463879
-0.094066471 0.024917116 -0.995254159 -51.778419495 -0.014464055 0.999547005 0.026391668 0.586905241 0.995460868 0.016877979 -0.093663462 1.153145790
-0.094480008 0.026802121 -0.995165825 -52.561702728 -0.014866291 0.999487996 0.028329916 0.590552270 0.995415747 0.017471038 -0.094033182 1.067612648
-0.095317319 0.026239630 -0.995101035 -53.344284058 -0.016662547 0.999470353 0.027950892 0.598554790 0.995307565 0.019245122 -0.094829604 0.984630108
-0.095912308 0.026162429 -0.995045900 -54.128963470 -0.017128889 0.999463081 0.027929621 0.605170190 0.995242417 0.019722825 -0.095412679 0.900563240
-0.096487947 0.028055498 -0.994938672 -54.905113220 -0.015158698 0.999445260 0.029652651 0.614344120 0.995218635 0.017943097 -0.096009150 0.822834969
-0.096601389 0.030873042 -0.994844258 -55.683300018 -0.014946172 0.999361038 0.032464519 0.622646213 0.995210886 0.018005233 -0.096078254 0.741672516
-0.096846260 0.034996510 -0.994683921 -56.455158234 -0.015143340 0.999214053 0.036630306 0.635267138 0.995184183 0.018610343 -0.096240208 0.662750721
-0.097353473 0.037367836 -0.994548142 -57.215248108 -0.015022627 0.999125779 0.039010346 0.639902711 0.995136499 0.018738518 -0.096707016 0.582917690
-0.098056480 0.037257072 -0.994483292 -57.963619232 -0.014844461 0.999133050 0.038894944 0.653495669 0.995070040 0.018576471 -0.097418427 0.508575916
-0.098425463 0.035349838 -0.994516373 -58.711212158 -0.013556731 0.999228418 0.036859024 0.664542198 0.995052040 0.017110260 -0.097870298 0.432513237
-0.098594688 0.031913608 -0.994615912 -59.444641113 -0.013349524 0.999353290 0.033388935 0.672655225 0.995038152 0.016569622 -0.098104887 0.356942177
-0.098100148 0.028641079 -0.994764328 -60.167266846 -0.013581735 0.999454081 0.030115496 0.687432408 0.995083809 0.016464962 -0.097657606 0.276042938
-0.096873999 0.026449766 -0.994945228 -60.872558594 -0.014338318 0.999505937 0.027967088 0.694583356 0.995193362 0.016975123 -0.096446902 0.203594685
-0.094723687 0.026019311 -0.995163441 -61.561653137 -0.016781295 0.999474645 0.027729340 0.694633961 0.995362163 0.019326761 -0.094237283 0.136316776
-0.090477161 0.027117010 -0.995529294 -62.241035461 -0.017735250 0.999426782 0.028835015 0.696697354 0.995740592 0.020264875 -0.089944385 0.068959713
-0.085000783 0.028700892 -0.995967388 -62.912635803 -0.016513785 0.999407172 0.030209385 0.703452229 0.996244013 0.019015018 -0.084476449 0.014890194
-0.077967934 0.030188462 -0.996498704 -63.561408997 -0.016306251 0.999369085 0.031551253 0.707465768 0.996822417 0.018709149 -0.077426501 -0.031104565
-0.069231413 0.031722486 -0.997096062 -64.195823669 -0.017039524 0.999310791 0.032976054 0.711100101 0.997455180 0.019273020 -0.068643168 -0.074896336
-0.056879088 0.032869484 -0.997839868 -64.817008972 -0.019175952 0.999237478 0.034008600 0.732497573 0.998196959 0.021068908 -0.056205418 -0.121782064
-0.041819908 0.034388103 -0.998533189 -65.398117065 -0.022295810 0.999126554 0.035342317 0.732472301 0.998876333 0.023741122 -0.041016661 -0.143639088
-0.023206782 0.035784625 -0.999090016 -65.987274170 -0.023897581 0.999053836 0.036338415 0.739742756 0.999444962 0.024719132 -0.022329658 -0.153777122
-0.000944883 0.036742292 -0.999324322 -66.557312012 -0.024962628 0.999012589 0.036754433 0.746232867 0.999687910 0.024980491 -0.000026766 -0.148050219
0.024330672 0.037511475 -0.998999894 -67.101829529 -0.024408596 0.999020159 0.036917768 0.746692777 0.999405861 0.023485953 0.025222439 -0.116705418
0.053420380 0.036917161 -0.997889459 -67.630630493 -0.023229642 0.999091983 0.035718080 0.757649064 0.998301864 0.021272540 0.054229438 -0.065981865
0.087239474 0.037057195 -0.995497823 -68.120529175 -0.022394944 0.999128342 0.035229776 0.759559512 0.995935559 0.019220695 0.087993316 0.004734993
0.125124663 0.036687408 -0.991462469 -68.605224609 -0.021213528 0.999186575 0.034296032 0.771898627 0.991914213 0.016741142 0.125801131 0.083874702
0.165914327 0.036673188 -0.985457957 -69.027664185 -0.021298541 0.999208510 0.033599027 0.772200704 0.985910118 0.015414258 0.166564077 0.173302650
0.212020010 0.037849188 -0.976532102 -69.395088196 -0.019835960 0.999210536 0.034421492 0.767211199 0.977064013 0.012072406 0.212603390 0.255611420
0.260759771 0.036364667 -0.964718521 -69.835548401 -0.016688781 0.999310791 0.033157684 0.772848487 0.965259552 0.007453787 0.261186898 0.405330658
0.310387015 0.032005012 -0.950071335 -70.235252380 -0.009451436 0.999487638 0.030581919 0.764644265 0.950563312 -0.000512689 0.310530424 0.586528778
0.361560166 0.026245756 -0.931979358 -70.641632080 -0.004173827 0.999639332 0.026531914 0.773544431 0.932339489 -0.005702965 0.361539245 0.787126541
0.414047331 0.021146081 -0.910009742 -71.034477234 0.001194491 0.999716580 0.023774102 0.782381296 0.910254717 -0.010930607 0.413904727 1.006349564
0.464621544 0.020234337 -0.885278165 -71.402702332 0.001072498 0.999725342 0.023413073 0.793313444 0.885508776 -0.011827681 0.464472234 1.244668961
0.512834787 0.018849088 -0.858280301 -71.801681519 0.002481916 0.999722242 0.023438331 0.803487778 0.858483791 -0.014150176 0.512645543 1.512788773
0.559678137 0.014930286 -0.828575552 -72.118804932 0.009225710 0.999663472 0.024244849 0.804524183 0.828658521 -0.021213509 0.559352100 1.757411957
0.603693902 0.008377293 -0.797172189 -72.440986633 0.019650228 0.999484599 0.025384350 0.806694150 0.796973884 -0.030988991 0.603218198 2.061172485
0.645686209 0.003253698 -0.763595939 -72.749664307 0.021324545 0.999524117 0.022290733 0.809066772 0.763305008 -0.030676154 0.645309508 2.381252289
0.686949253 -0.001666362 -0.726703465 -73.051254272 0.018822344 0.999702692 0.015500312 0.811585426 0.726461530 -0.024326190 0.686776400 2.700187683
0.727296114 -0.008426690 -0.686271906 -73.330413818 0.015404955 0.999873161 0.004048456 0.815657914 0.686150789 -0.013516419 0.727333605 3.041206360
0.766519427 -0.008243580 -0.642168224 -73.564277649 0.008039322 0.999962449 -0.003240543 0.803812027 0.642170787 -0.002678658 0.766556859 3.366836548
0.803454995 -0.009348240 -0.595292151 -73.818496704 0.006918027 0.999955773 -0.006365787 0.802745104 0.595325351 0.000996377 0.803484082 3.764583588
0.837200284 -0.010388984 -0.546797872 -74.063583374 0.007109473 0.999941826 -0.008113289 0.796635211 0.546850204 0.002905004 0.837225378 4.198062897
0.867393136 -0.009727260 -0.497528493 -74.286476135 0.005090001 0.999930024 -0.010675864 0.794990659 0.497597545 0.006727750 0.867381930 4.650991440
0.893128097 -0.008436585 -0.449723423 -74.490928650 0.004755558 0.999945283 -0.009314176 0.780297637 0.449777424 0.006180067 0.893119276 5.124053955
0.914538682 -0.001338156 -0.404496044 -74.707084656 -0.002110315 0.999965131 -0.008079374 0.766551614 0.404492736 0.008242516 0.914503992 5.621414185
0.931870997 0.002890851 -0.362778276 -74.889533997 -0.006948397 0.999927044 -0.009880329 0.760309935 0.362723231 0.011727919 0.931823134 6.135683060
0.945257246 0.007909589 -0.326230407 -75.066261292 -0.011292528 0.999900281 -0.008477268 0.752785206 0.326130867 0.011697164 0.945252240 6.676410675
0.955172539 0.008387228 -0.295930803 -75.220382690 -0.010808210 0.999920130 -0.006545951 0.739736617 0.295852244 0.009450995 0.955186903 7.228813171
0.962367773 0.008048701 -0.271630913 -75.373901367 -0.009794367 0.999939144 -0.005071486 0.728331208 0.271573633 0.007541088 0.962388158 7.800041199
0.968133092 0.008381297 -0.250296056 -75.517028809 -0.009522280 0.999949038 -0.003347887 0.724311292 0.250255316 0.005624590 0.968163610 8.395326614
0.972693980 0.010411268 -0.231857941 -75.661087036 -0.010844552 0.999941051 -0.000594230 0.715562880 0.231838122 0.003092400 0.972749531 9.016998291
0.976092935 0.015663743 -0.216788933 -75.798072815 -0.015870163 0.999873757 0.000788844 0.708937228 0.216773942 0.002670490 0.976218224 9.649487495
0.978833675 0.018870676 -0.203786224 -75.924049377 -0.018817453 0.999820530 0.002199050 0.700181901 0.203791142 0.001682234 0.979012966 10.286787987
0.981541336 0.017990604 -0.190401912 -76.072265625 -0.017959274 0.999836922 0.001890193 0.691650331 0.190404832 0.001564178 0.981704414 10.978704453
0.984107435 0.017947752 -0.176664978 -76.187179565 -0.017962575 0.999837518 0.001515479 0.685149372 0.176663458 0.001681963 0.984269917 11.657750130
0.986619711 0.018335201 -0.162004545 -76.298370361 -0.018235400 0.999831498 0.002103065 0.681518674 0.162015826 0.000879292 0.986787796 12.354826927
0.988824785 0.019786041 -0.147763714 -76.404434204 -0.019663317 0.999804020 0.002291412 0.678481042 0.147780120 0.000639721 0.989019990 13.063402176
0.990647733 0.020621421 -0.134877354 -76.513496399 -0.020806534 0.999783516 0.000037141 0.659922779 0.134848922 0.002769537 0.990862370 13.801453590
0.992046416 0.020729613 -0.124153495 -76.601058960 -0.021571016 0.999752522 -0.005436569 0.645853162 0.124010064 0.008071448 0.992248118 14.530618668
0.993263781 0.019081149 -0.114293128 -76.686691284 -0.020521468 0.999723971 -0.011438575 0.635208547 0.114043303 0.013706986 0.993381262 15.270064354
0.994145572 0.018792786 -0.106401592 -76.765502930 -0.020166323 0.999726355 -0.011847719 0.626305461 0.106149852 0.013924086 0.994252622 16.027891159
0.994843066 0.020236142 -0.099386588 -76.847808838 -0.020886181 0.999766648 -0.005504313 0.611408830 0.099252000 0.007551736 0.995033681 16.798183441
0.995225132 0.025161147 -0.094305821 -76.924957275 -0.025040893 0.999683321 0.002458465 0.592350245 0.094337799 -0.000085224 0.995540321 17.567504883
0.995596290 0.026001902 -0.090065293 -77.010353088 -0.025542049 0.999654174 0.006254758 0.579165220 0.090196773 -0.003926761 0.995916247 18.349021912
0.995912910 0.025129415 -0.086751498 -77.075523376 -0.024778081 0.999679863 0.005124450 0.568912446 0.086852506 -0.002953971 0.996216774 19.118923187
0.996164680 0.025172729 -0.083798356 -77.139663696 -0.024921117 0.999681115 0.004047398 0.559576511 0.083873518 -0.001943526 0.996474504 19.883914948
0.996470809 0.024107354 -0.080403715 -77.211502075 -0.023664564 0.999699116 0.006455550 0.550784826 0.080535136 -0.004530048 0.996741474 20.661491394
0.996719837 0.021899438 -0.077908702 -77.280265808 -0.021270176 0.999734104 0.008897675 0.540261686 0.078082845 -0.007211358 0.996920764 21.447927475
0.996970892 0.018904762 -0.075442761 -77.327873230 -0.018159434 0.999779403 0.010553183 0.535143673 0.075625628 -0.009151218 0.997094274 22.204450607
0.997203052 0.018317897 -0.072460666 -77.387825012 -0.017884955 0.999818146 0.006619233 0.528247833 0.072568737 -0.005304763 0.997349381 22.963645935
0.997242868 0.021264754 -0.071095034 -77.441749573 -0.021335285 0.999772429 -0.000232783 0.512916505 0.071073905 0.001748976 0.997469544 23.711408615
0.997348607 0.022443978 -0.069225326 -77.502441406 -0.023037452 0.999704301 -0.007786590 0.497184902 0.069030106 0.009360721 0.997570693 24.463617325
0.997398794 0.023024412 -0.068304546 -77.555732727 -0.023873415 0.999647319 -0.011639356 0.480784297 0.068012454 0.013239743 0.997596562 25.221080780
0.997519493 0.024428764 -0.066014878 -77.613807678 -0.025187159 0.999625683 -0.010680348 0.466871500 0.065729253 0.012316583 0.997761488 25.980644226
0.997558117 0.028085897 -0.063943699 -77.672798157 -0.028520972 0.999575734 -0.005901297 0.438109756 0.063750818 0.007710624 0.997936010 26.750421524
0.997649491 0.031108819 -0.061054640 -77.733329773 -0.031199325 0.999513030 -0.000529460 0.420041859 0.061008431 0.002433080 0.998134255 27.499313354
0.997855961 0.028971152 -0.058687765 -77.778526306 -0.028944954 0.999580145 0.001296614 0.407169998 0.058700684 0.000404881 0.998275518 28.259189606
0.998007476 0.026298346 -0.057354387 -77.826835632 -0.026239961 0.999653995 0.001771035 0.388445348 0.057381120 -0.000262529 0.998352230 29.021591187
0.998148620 0.024133012 -0.055829946 -77.873153687 -0.024095273 0.999708772 0.001349117 0.376930386 0.055846255 -0.000001381 0.998439312 29.776054382
0.998202145 0.023922509 -0.054954242 -77.918205261 -0.023997258 0.999711752 -0.000700725 0.365624964 0.054921642 0.002018217 0.998488605 30.522697449
0.998282850 0.021663878 -0.054424237 -77.958068848 -0.021804888 0.999760211 -0.001998371 0.355255425 0.054367900 0.003181654 0.998515904 31.279937744
0.998331606 0.020542298 -0.053962275 -77.998809814 -0.020676563 0.999784291 -0.001930948 0.342353940 0.053910967 0.003043481 0.998541057 32.038455963
0.998316348 0.024441836 -0.052600890 -78.057769775 -0.024538327 0.999698162 -0.001189267 0.331847370 0.052555945 0.002478002 0.998614848 32.819229126
0.998309493 0.024488220 -0.052709404 -78.097015381 -0.024612753 0.999695539 -0.001714745 0.318521500 0.052651364 0.003009170 0.998608410 33.593437195
0.998224914 0.023835205 -0.054578252 -78.138687134 -0.023966162 0.999711156 -0.001746100 0.304997534 0.054520875 0.003051031 0.998507917 34.368679047
0.998192370 0.021410631 -0.056154877 -78.190551758 -0.021518400 0.999767482 -0.001315167 0.293316990 0.056113664 0.002521153 0.998421192 35.153964996
0.997978508 0.023124710 -0.059195995 -78.248435974 -0.023244817 0.999728799 -0.001341092 0.281695664 0.059148930 0.002714380 0.998245478 35.955799103
0.997712255 0.027112802 -0.061928805 -78.308540344 -0.027237890 0.999628305 -0.001176353 0.259513378 0.061873902 0.002860472 0.998079896 36.734207153
0.997531831 0.027585883 -0.064570405 -78.371086121 -0.028033119 0.999588788 -0.006030418 0.245897084 0.064377502 0.007825643 0.997894883 37.530693054
0.997364104 0.027908139 -0.066976994 -78.434471130 -0.028614365 0.999544322 -0.009608019 0.235581964 0.066678338 0.011499198 0.997708321 38.318580627
0.997258842 0.027874125 -0.068541981 -78.504821777 -0.028712552 0.999524176 -0.011277648 0.223360121 0.068195008 0.013214750 0.997584462 39.113300323
0.997103930 0.028432138 -0.070536122 -78.573410034 -0.029186333 0.999527097 -0.009684572 0.202191383 0.070227429 0.011715217 0.997462094 39.944564819
0.996958792 0.026925193 -0.073131807 -78.630851746 -0.027674714 0.999574184 -0.009254762 0.186296463 0.072851487 0.011250520 0.997279227 40.769870758
0.996871591 0.026641792 -0.074412540 -78.698539734 -0.027296880 0.999596953 -0.007800078 0.172376871 0.074174747 0.009806908 0.997196853 41.596416473
0.996818304 0.025962619 -0.075360380 -78.770736694 -0.026301406 0.999647975 -0.003506395 0.155041739 0.075242817 0.005477323 0.997150123 42.420764923
0.996731043 0.025664346 -0.076606423 -78.838127136 -0.025661461 0.999670148 0.001022236 0.142668605 0.076607399 0.000946939 0.997060895 43.296977997
0.996795177 0.025341755 -0.075876594 -78.905792236 -0.025162922 0.999677837 0.003312164 0.128387377 0.075936094 -0.001392272 0.997111738 44.150154114
0.996849597 0.028490314 -0.074020393 -78.973411560 -0.028318955 0.999593318 0.003363747 0.116373613 0.074086115 -0.001256970 0.997251093 45.004077911
0.997007251 0.027965302 -0.072072208 -79.043968201 -0.027879011 0.999608815 0.002203221 0.107753247 0.072105624 -0.000187326 0.997396946 45.868865967
0.997165382 0.025674246 -0.070724413 -79.103057861 -0.025752647 0.999668300 -0.000196767 0.096327409 0.070695907 0.002017550 0.997495890 46.729606628
0.997365773 0.021645276 -0.069232516 -79.159904480 -0.021826359 0.999759972 -0.001860032 0.083916858 0.069175646 0.003366226 0.997598767 47.603321075
0.997551382 0.020304836 -0.066923730 -79.226745605 -0.020466952 0.999789000 -0.001737662 0.068337709 0.066874318 0.003103132 0.997756600 48.475933075
0.997659087 0.017954946 -0.065984368 -79.285415649 -0.017931782 0.999838769 0.000943377 0.052404109 0.065990664 0.000242048 0.997820199 49.352828979
0.997788966 0.015359063 -0.064662032 -79.349037170 -0.015183536 0.999879539 0.003205053 0.043653324 0.064703457 -0.002216168 0.997902095 50.227825165
0.997827888 0.014925023 -0.064161256 -79.401985168 -0.014705559 0.999884188 0.003891380 0.023079440 0.064211912 -0.002939402 0.997932017 51.103691101
0.997865558 0.017263584 -0.062978424 -79.462661743 -0.017270934 0.999850750 0.000427718 0.007164629 0.062976420 0.000660891 0.998014748 51.986324310
0.997870266 0.019814987 -0.062146746 -79.527000427 -0.020175230 0.999783158 -0.005174530 -0.011986941 0.062030725 0.006417335 0.998053730 52.845645905
0.997895241 0.021564808 -0.061157435 -79.586708069 -0.022257788 0.999695301 -0.010672544 -0.029516160 0.060908653 0.012011311 0.998071074 53.704513550
0.997811913 0.026531961 -0.060559470 -79.647369385 -0.027579354 0.999482989 -0.016525315 -0.052120864 0.060089715 0.018159349 0.998027802 54.552227020
0.997870922 0.026432775 -0.059622232 -79.703666687 -0.027512420 0.999470711 -0.017360359 -0.080075383 0.059131790 0.018963750 0.998070002 55.402244568
0.997951329 0.023710629 -0.059421618 -79.756195068 -0.024463346 0.999629021 -0.011972064 -0.094208181 0.059115715 0.013401191 0.998161197 56.265754700
0.997935653 0.022771625 -0.060050368 -79.818115234 -0.022967804 0.999732852 -0.002578666 -0.121790752 0.059975609 0.003952567 0.998192012 57.132122040
0.997896671 0.021134228 -0.061282508 -79.872070312 -0.020828379 0.999767244 0.005625371 -0.144470781 0.061387133 -0.004337125 0.998104572 57.986820221
0.997789681 0.019415889 -0.063551694 -79.929634094 -0.019232968 0.999808967 0.003488841 -0.158764437 0.063607290 -0.002258842 0.997972488 58.826557159
0.997779548 0.014398174 -0.065028384 -79.993484497 -0.014431680 0.999895811 -0.000045536 -0.171766296 0.065020956 0.000983903 0.997883439 59.666240692
0.997619450 0.013436544 -0.067637838 -80.053512573 -0.013584491 0.999906242 -0.001727875 -0.191703290 0.067608282 0.002642588 0.997708380 60.502185822
0.997400284 0.014677747 -0.070548177 -80.116516113 -0.014977800 0.999880910 -0.003725928 -0.208813041 0.070485093 0.004772897 0.997501373 61.309535980
0.997139454 0.016120007 -0.073844194 -80.184707642 -0.016691795 0.999835312 -0.007132505 -0.226383328 0.073717050 0.008344693 0.997244298 62.130210876
0.996837616 0.016835328 -0.077661380 -80.256164551 -0.017709646 0.999787211 -0.010583052 -0.246119320 0.077466682 0.011924941 0.996923566 62.943439484
0.996549964 0.018919043 -0.080809548 -80.330993652 -0.020141644 0.999694288 -0.014341038 -0.270040810 0.080513522 0.015919197 0.996626437 63.758056641
0.996217191 0.024080565 -0.083494745 -80.425201416 -0.025356742 0.999576747 -0.014257795 -0.296002269 0.083116055 0.016321015 0.996406198 64.556175232
0.995820403 0.027748067 -0.087015159 -80.506111145 -0.028922938 0.999506295 -0.012270179 -0.317588925 0.086631723 0.014735626 0.996131361 65.360916138
0.995387673 0.030567598 -0.090932675 -80.589675903 -0.031269003 0.999491155 -0.006298538 -0.339410305 0.090693869 0.009112861 0.995837152 66.159675598
0.994998872 0.030887995 -0.094990142 -80.672615051 -0.031109059 0.999515653 -0.000846876 -0.358787835 0.094917975 0.003797696 0.995477736 66.973358154
0.994522035 0.030566325 -0.099957362 -80.758338928 -0.030433603 0.999532700 0.002852791 -0.374400735 0.099997848 0.000204900 0.994987488 67.769554138
0.993863821 0.029884342 -0.106496990 -80.849418640 -0.029627686 0.999553084 0.003991682 -0.387490124 0.106568679 -0.000811928 0.994304955 68.562660217
0.993325710 0.026936475 -0.112153463 -80.937957764 -0.026204947 0.999624789 0.007991870 -0.400873482 0.112326629 -0.004999557 0.993658721 69.349578857
0.992557585 0.027669068 -0.118590526 -81.038673401 -0.026959023 0.999607801 0.007587736 -0.410552561 0.118753940 -0.004334181 0.992914259 70.127815247
0.991710842 0.032326888 -0.124356836 -81.158477783 -0.031712662 0.999473095 0.006916109 -0.421371222 0.124514893 -0.002915094 0.992213488 70.902297974
0.990858555 0.033843633 -0.130590826 -81.265472412 -0.033717878 0.999426484 0.003174557 -0.430638075 0.130623341 0.001257707 0.991431236 71.674217224
0.990081728 0.032770015 -0.136617750 -81.376449585 -0.032995224 0.999455333 0.000616301 -0.441418350 0.136563525 0.003897544 0.990623593 72.440956116
0.989289224 0.034265082 -0.141890228 -81.497299194 -0.034747820 0.999395728 -0.000925155 -0.449333489 0.141772777 0.005845621 0.989882052 73.210502625
0.988520205 0.036135554 -0.146703765 -81.611732483 -0.035904832 0.999346256 0.004221328 -0.461322665 0.146760419 0.001094507 0.989171386 73.970603943
0.987584174 0.037091542 -0.152649358 -81.740882874 -0.036262717 0.999308586 0.008211065 -0.469479561 0.152848363 -0.002573637 0.988246262 74.732376099
0.986584663 0.035698310 -0.159299478 -81.865173340 -0.034413878 0.999349117 0.010815329 -0.485152423 0.159581900 -0.005188125 0.987170994 75.489982605
0.985427678 0.033565104 -0.166750267 -81.992225647 -0.032913454 0.999435902 0.006670750 -0.487861812 0.166880116 -0.001085214 0.985976577 76.235725403
0.984119415 0.031116137 -0.174759418 -82.133621216 -0.031635787 0.999499559 -0.000187862 -0.497824311 0.174666092 0.005713531 0.984611273 76.965087891
0.982576013 0.028560681 -0.183653846 -82.282676697 -0.029340953 0.999568343 -0.001532025 -0.511447191 0.183530763 0.006893910 0.982989848 77.709274292
0.980471432 0.028199187 -0.194629461 -82.430099487 -0.028539972 0.999592125 0.001053602 -0.521602273 0.194579765 0.004521692 0.980876267 78.445693970
0.978210568 0.028181078 -0.205693632 -82.596595764 -0.027311089 0.999602020 0.007068088 -0.526834667 0.205810979 -0.001296361 0.978590906 79.186996460
0.975672722 0.029339449 -0.217260167 -82.767044067 -0.026678929 0.999529004 0.015169492 -0.534526944 0.217602924 -0.009004189 0.975995779 79.900184631
0.973114252 0.029803090 -0.228386387 -82.949516296 -0.026289007 0.999484897 0.018414071 -0.539267421 0.228817508 -0.011914944 0.973396361 80.625755310
0.970368743 0.033170372 -0.239340886 -83.149909973 -0.030604891 0.999427438 0.014428555 -0.549234986 0.239682451 -0.006676017 0.970828414 81.338638306
0.967192829 0.033223167 -0.251861751 -83.342842102 -0.032904856 0.999443531 0.005476552 -0.556219041 0.251903594 0.002990596 0.967747688 82.041969299
0.964007795 0.030636363 -0.264103144 -83.548736572 -0.031669188 0.999498427 0.000347008 -0.554010808 0.263981313 0.008029419 0.964494407 82.753456116
0.960661173 0.029481454 -0.276153982 -83.758407593 -0.029107098 0.999561429 0.005455180 -0.560081422 0.276193649 0.002797462 0.961097836 83.480873108
0.957265496 0.030642953 -0.287582695 -83.982559204 -0.028160619 0.999521971 0.012765422 -0.564561844 0.287836343 -0.004121391 0.957670689 84.204338074
0.953612506 0.030535335 -0.299484283 -84.216110229 -0.026329657 0.999490082 0.018069305 -0.567321658 0.299883246 -0.009345798 0.953930020 84.915130615
0.949643612 0.028097766 -0.312069684 -84.459915161 -0.024253687 0.999574721 0.016193356 -0.568338990 0.312391907 -0.007809076 0.949921131 85.628616333
0.946043909 0.026676862 -0.322938740 -84.716430664 -0.023971751 0.999636412 0.012351671 -0.575872660 0.323150843 -0.003943814 0.946339250 86.326065063
0.942939222 0.022253560 -0.332220525 -84.966186523 -0.021744383 0.999749780 0.005250606 -0.580674946 0.332254231 0.002272926 0.943187118 87.015853882
0.940153539 0.018195447 -0.340265095 -85.222023010 -0.019649507 0.999806583 -0.000827663 -0.584003031 0.340184212 0.007464170 0.940329075 87.719902039
0.937582672 0.017634552 -0.347315222 -85.492599487 -0.019928407 0.999796867 -0.003033460 -0.589897871 0.347191095 0.009765557 0.937743545 88.422782898
0.934562087 0.023443738 -0.355027050 -85.783798218 -0.026045306 0.999657571 -0.002549795 -0.608663201 0.354845732 0.011629727 0.934852481 89.133155823
0.931593299 0.023948357 -0.362712771 -86.064987183 -0.025742987 0.999668598 -0.000114623 -0.624370992 0.362589777 0.009444091 0.931900978 89.821243286
0.928460002 0.024142897 -0.370646775 -86.346130371 -0.023321776 0.999705493 0.006697627 -0.629487276 0.370699435 0.002425662 0.928749621 90.535171509
0.925655901 0.025819289 -0.377484590 -86.635757446 -0.021766890 0.999650538 0.014998271 -0.633509398 0.377739906 -0.005666572 0.925894380 91.246070862
0.923115730 0.035857134 -0.382846802 -86.954635620 -0.029810093 0.999319673 0.021717744 -0.641227484 0.383365065 -0.008635289 0.923556507 91.947937012
0.920502186 0.042632457 -0.388404787 -87.270690918 -0.038338099 0.999087870 0.018803252 -0.642181873 0.388852209 -0.002417733 0.921296895 92.636840820
0.918081760 0.039549779 -0.394413084 -87.559494019 -0.038113624 0.999207497 0.011477850 -0.645880103 0.394554436 0.004494906 0.918861568 93.303230286
0.915986121 0.030891053 -0.400018871 -87.859146118 -0.032132026 0.999477148 0.003605864 -0.640559793 0.399921149 0.009550495 0.916499794 94.032211304
0.914375007 0.031214302 -0.403663158 -88.175956726 -0.032883815 0.999455333 0.002797294 -0.641056001 0.403530538 0.010716209 0.914903462 94.726387024
0.912201405 0.037294503 -0.408041149 -88.511955261 -0.037317581 0.999272168 0.007906567 -0.646939397 0.408039033 0.008014728 0.912929296 95.425811768
0.909658253 0.040177096 -0.413409859 -88.834991455 -0.038323008 0.999183714 0.012780201 -0.657833219 0.413585842 0.004217498 0.910455406 96.121986389
0.907391489 0.036481388 -0.418700099 -89.150314331 -0.035246737 0.999321520 0.010685568 -0.669358611 0.418805867 0.005061819 0.908061683 96.798149109
0.905372024 0.035088114 -0.423167050 -89.500335693 -0.036492229 0.999322593 0.004786063 -0.678744614 0.423048317 0.011109143 0.906039000 97.513565063
0.903252900 0.032441616 -0.427880466 -89.837013245 -0.036752660 0.999322712 -0.001816622 -0.684390485 0.427531779 0.017366614 0.903833389 98.204071045
