0.999999940 0.000000000 0.000000000 0.000000004 0.000000000 1.000000000 0.000000000 0.000000060 0.000000000 0.000000000 1.000000000 0.000000000
0.999991238 -0.002477864 -0.003357681 -0.002832883 0.002470445 0.999994516 -0.002211995 -0.005145952 0.003363143 0.002203681 0.999991894 0.666811049
0.999968708 -0.001903379 -0.007673434 -0.024345521 0.001876813 0.999992430 -0.003467662 -0.007140473 0.007679975 0.003453152 0.999964535 1.402518392
0.999933541 -0.001661784 -0.011406681 -0.043842763 0.001605827 0.999986649 -0.004913082 -0.009243654 0.011414693 0.004894438 0.999922872 2.111248970
0.999865472 -0.000512280 -0.016390754 -0.062031560 0.000421343 0.999984562 -0.005551045 -0.011994649 0.016393341 0.005543393 0.999850214 2.842037678
0.999788702 -0.001248126 -0.020515312 -0.086311214 0.001129436 0.999982595 -0.005796009 -0.022466294 0.020522188 0.005771615 0.999772668 3.597171068
0.999684572 0.000367106 -0.025112111 -0.109834552 -0.000543019 0.999975324 -0.006998626 -0.027954286 0.025108922 0.007010055 0.999660075 4.351508617
0.999556899 0.003189450 -0.029590722 -0.145013347 -0.003417912 0.999964714 -0.007673330 -0.037685424 0.029565204 0.007771069 0.999532640 5.111428738
0.999414921 0.003492785 -0.034024566 -0.176105052 -0.003702654 0.999974489 -0.006107116 -0.043339808 0.034002356 0.006229523 0.999402463 5.916261673
0.999252260 0.002929720 -0.038553674 -0.210607976 -0.003068029 0.999989033 -0.003528754 -0.049883414 0.038542923 0.003644399 0.999250293 6.716027260
0.999131143 0.002506403 -0.041603714 -0.253910989 -0.002541545 0.999996543 -0.000791786 -0.056666799 0.041601583 0.000896835 0.999133885 7.520426750
0.999005139 0.004085834 -0.044406034 -0.292382240 -0.004173929 0.999989569 -0.001891325 -0.062372454 0.044397838 0.002074791 0.999011755 8.337462425
0.998916984 0.003621767 -0.046386566 -0.338927329 -0.003726996 0.999990821 -0.002182243 -0.067837171 0.046378233 0.002352762 0.998921156 9.158000946
0.998846829 0.001181573 -0.047994144 -0.382571161 -0.001320652 0.999995112 -0.002866235 -0.074406475 0.047990512 0.002926313 0.998843491 9.985386848
0.998731554 0.000767217 -0.050345764 -0.420195043 -0.000862677 0.999997914 -0.001874373 -0.083873570 0.050344225 0.001915428 0.998730004 10.822551727
0.998646021 -0.000761597 -0.052014701 -0.465321004 0.000646673 0.999997377 -0.002226247 -0.091428503 0.052016258 0.002189595 0.998643816 11.674117088
0.998551250 0.001444612 -0.053789783 -0.517526567 -0.001684839 0.999988794 -0.004420961 -0.102161095 0.053782798 0.004505183 0.998542488 12.531089783
0.998490930 0.001692411 -0.054889463 -0.569900215 -0.002070795 0.999974489 -0.006837417 -0.115296468 0.054876488 0.006940764 0.998468995 13.385479927
0.998401821 0.005356678 -0.056258205 -0.631813049 -0.005819895 0.999950469 -0.008073169 -0.131964535 0.056212168 0.008387684 0.998383641 14.260428429
0.998322904 0.006555195 -0.057518713 -0.685005546 -0.007013234 0.999945223 -0.007765044 -0.143008187 0.057464667 0.008155414 0.998314142 15.159010887
0.998240709 0.005666029 -0.059019975 -0.740978956 -0.006045540 0.999962211 -0.006253631 -0.155345425 0.058982305 0.006599439 0.998237133 16.036705017
0.998173177 0.006363727 -0.060081836 -0.804585457 -0.006675677 0.999965310 -0.004992779 -0.164960995 0.060047973 0.005384745 0.998180926 16.933294296
0.998128831 0.005948621 -0.060856726 -0.865288436 -0.006242030 0.999969900 -0.004632342 -0.184798598 0.060827333 0.005003544 0.998135686 17.837448120
0.998016834 0.005581589 -0.062699281 -0.923536956 -0.005939123 0.999967217 -0.005517431 -0.196001828 0.062666416 0.005878867 0.998017132 18.735157013
0.997962892 0.004041049 -0.063669540 -0.987731218 -0.004438131 0.999971628 -0.006096407 -0.209103495 0.063643113 0.006366561 0.997952402 19.647914886
0.997910559 0.003686839 -0.064503901 -1.043205380 -0.003991634 0.999981582 -0.004596973 -0.218452021 0.064485759 0.004844846 0.997906804 20.567607880
0.997911692 0.005623288 -0.064347826 -1.107728124 -0.005719997 0.999982893 -0.001318809 -0.229017228 0.064339295 0.001684124 0.997926652 21.481855392
0.997974217 0.006863714 -0.063246869 -1.173001051 -0.006713321 0.999974132 0.002590090 -0.240289867 0.063263007 -0.002160246 0.997994542 22.411931992
0.998091519 0.005939674 -0.061465077 -1.238736153 -0.005628894 0.999970496 0.005228115 -0.243563011 0.061494321 -0.004872157 0.998095572 23.349462509
0.998149514 0.005373038 -0.060569681 -1.284892917 -0.005003335 0.999967933 0.006253776 -0.253458142 0.060601342 -0.005939152 0.998144388 24.283912659
0.998229086 0.005828535 -0.059200700 -1.341585279 -0.005646924 0.999978781 0.003234548 -0.258383244 0.059218299 -0.002894518 0.998240888 25.229585648
0.998275757 0.006443220 -0.058344152 -1.401585340 -0.006548264 0.999977291 -0.001609392 -0.262090743 0.058332458 0.001988670 0.998295248 26.166728973
0.998363376 0.006028328 -0.056869172 -1.460976720 -0.006270113 0.999972045 -0.004074122 -0.280839443 0.056843020 0.004424031 0.998373210 27.111650467
0.998417616 0.003199757 -0.056143668 -1.515524864 -0.003386219 0.999989092 -0.003226352 -0.288403273 0.056132726 0.003411362 0.998417437 28.073230743
0.998417020 0.001672992 -0.056217913 -1.573454857 -0.001587173 0.999997556 0.001571144 -0.297408283 0.056220394 -0.001479428 0.998417199 29.047117233
0.998365700 -0.001764235 -0.057120606 -1.625774622 0.002074337 0.999983430 0.005370070 -0.313394576 0.057110175 -0.005479780 0.998352826 30.014751434
0.998264909 -0.009343621 -0.058136366 -1.675418377 0.009646868 0.999941289 0.004937655 -0.321291685 0.058086812 -0.005489922 0.998296440 30.990842819
0.998155177 -0.011428230 -0.059629634 -1.729677081 0.011500661 0.999933541 0.000871580 -0.325282902 0.059615701 -0.001555752 0.998220086 31.963258743
0.998082101 -0.011143119 -0.060894657 -1.793081880 0.010961105 0.999934435 -0.003322274 -0.330312312 0.060927689 0.002648428 0.998138547 32.933475494
0.997993886 -0.009990767 -0.062516287 -1.875990272 0.009766310 0.999944746 -0.003894958 -0.340768158 0.062551737 0.003276590 0.998036206 33.924678802
0.997909963 -0.010021284 -0.063837871 -1.924390554 0.009898164 0.999948561 -0.002244644 -0.357390881 0.063857064 0.001608075 0.997957706 34.913269043
0.997865975 -0.007084326 -0.064911209 -1.996188402 0.007131637 0.999974549 0.000497129 -0.370783061 0.064906023 -0.000958990 0.997890890 35.907920837
0.997782767 -0.006567988 -0.066229470 -2.066176653 0.006704047 0.999975920 0.001832305 -0.384294331 0.066215828 -0.002272248 0.997802675 36.896080017
0.997721672 -0.005365264 -0.067250140 -2.136137486 0.005670393 0.999974608 0.004347131 -0.390906066 0.067225091 -0.004718562 0.997726679 37.876499176
0.997746706 -0.005469687 -0.066870019 -2.204650402 0.005979465 0.999954641 0.007425645 -0.400395125 0.066826366 -0.007808760 0.997734070 38.874694824
0.997716725 -0.000074397 -0.067539066 -2.281925201 0.000737521 0.999951899 0.009793511 -0.401918679 0.067535073 -0.009820959 0.997668564 39.861568451
0.997727990 0.000532705 -0.067368716 -2.363393307 0.000063235 0.999960899 0.008843525 -0.404899776 0.067370810 -0.008827694 0.997688949 40.839962006
0.997697115 0.000420106 -0.067824401 -2.415067434 0.000093959 0.999971390 0.007575980 -0.416600436 0.067825630 -0.007564907 0.997668505 41.843494415
0.997706354 0.002628854 -0.067639291 -2.496493101 -0.002272838 0.999983251 0.005339867 -0.420099080 0.067652173 -0.005173887 0.997695565 42.838233948
0.997656405 0.002007677 -0.068393119 -2.571583271 -0.001627818 0.999983072 0.005609326 -0.427671313 0.068403207 -0.005484850 0.997642696 43.816223145
0.997569084 0.000178583 -0.069683917 -2.637405634 0.000281424 0.999978244 0.006591477 -0.436894178 0.069683582 -0.006595063 0.997547328 44.802951813
0.997527778 0.000506259 -0.070271477 -2.708993912 0.000027391 0.999971151 0.007592964 -0.443048060 0.070273295 -0.007576116 0.997498930 45.787586212
0.997491658 0.003444515 -0.070700057 -2.782624722 -0.003161302 0.999986529 0.004117354 -0.458245039 0.070713289 -0.003883522 0.997489095 46.762134552
0.997435331 0.003413635 -0.071491107 -2.859068155 -0.003426727 0.999994159 -0.000060482 -0.459069073 0.071490459 0.000305308 0.997441232 47.717456818
0.997399867 0.004598931 -0.071917303 -2.937415123 -0.004713695 0.999987960 -0.001426134 -0.465681374 0.071909852 0.001761423 0.997409523 48.690090179
0.997390151 0.003142468 -0.072131842 -3.012342453 -0.002971833 0.999992609 0.002472803 -0.485656589 0.072139077 -0.002251984 0.997392058 49.665786743
0.997362316 0.001023744 -0.072576247 -3.068852901 -0.000627683 0.999984801 0.005479778 -0.493858039 0.072580740 -0.005419769 0.997347832 50.619014740
0.997344851 -0.000812790 -0.072819211 -3.140403271 0.001271809 0.999979615 0.006257389 -0.504446030 0.072812647 -0.006333386 0.997325540 51.582519531
0.997317731 -0.003934158 -0.073089041 -3.210513115 0.004303978 0.999978781 0.004903036 -0.511520982 0.073068209 -0.005204459 0.997313380 52.543495178
0.997283578 -0.006663870 -0.073355727 -3.273445368 0.006957307 0.999968767 0.003745397 -0.525835276 0.073328458 -0.004245581 0.997298777 53.478759766
0.997209132 -0.008163988 -0.074211270 -3.346078396 0.008547134 0.999951720 0.004846779 -0.533882022 0.074168116 -0.005467545 0.997230768 54.431529999
0.997077584 -0.011734788 -0.075489558 -3.413151264 0.012436442 0.999883771 0.008831353 -0.534945607 0.075377129 -0.009744365 0.997107446 55.383792877
0.997016847 -0.012135538 -0.076222874 -3.483236313 0.013239873 0.999814332 0.013999633 -0.541658342 0.076038830 -0.014967053 0.996992528 56.324806213
0.997012854 -0.010224891 -0.076555364 -3.565680981 0.011491165 0.999804020 0.016118424 -0.541479170 0.076375552 -0.016949989 0.996935010 57.270149231
0.996910155 -0.008986772 -0.078033097 -3.641428471 0.009954993 0.999878109 0.012027680 -0.542117357 0.077915497 -0.012767338 0.996878207 58.203247070
0.996817172 -0.007658847 -0.079352602 -3.720412970 0.008024815 0.999958575 0.004294015 -0.546153307 0.079316437 -0.004917137 0.996837378 59.121406555
0.996767998 -0.005703038 -0.080131643 -3.801275730 0.005682568 0.999983788 -0.000483492 -0.557888627 0.080133103 0.000026576 0.996784210 60.037410736
0.996720135 -0.000551920 -0.080924012 -3.886286736 0.000573325 0.999999821 0.000241276 -0.566194952 0.080923878 -0.000286881 0.996720254 60.937641144
0.996638179 0.002177812 -0.081900768 -3.973992348 -0.001920243 0.999992967 0.003223531 -0.585296154 0.081907235 -0.003055424 0.996635258 61.839435577
0.996525407 0.004737046 -0.083153807 -4.048112869 -0.004398727 0.999981225 0.004251330 -0.596792459 0.083172388 -0.003870788 0.996527612 62.714958191
0.996431530 0.005153902 -0.084247671 -4.126324177 -0.004838882 0.999980450 0.003942988 -0.603870153 0.084266350 -0.003521254 0.996437013 63.579742432
0.996295154 0.007061722 -0.085708767 -4.205535889 -0.006652490 0.999965072 0.005059367 -0.616483092 0.085741505 -0.004470446 0.996307313 64.427528381
0.996157169 0.008100125 -0.087208457 -4.283282280 -0.007638602 0.999955058 0.005624599 -0.627282023 0.087250099 -0.004936833 0.996174216 65.269889832
0.996038973 0.007949288 -0.088562459 -4.358188629 -0.007445791 0.999954224 0.006014142 -0.638251662 0.088606223 -0.005330901 0.996052563 66.087982178
0.995930195 0.007519423 -0.089812897 -4.431572914 -0.006918921 0.999951720 0.006995616 -0.642716706 0.089861162 -0.006345737 0.995934069 66.897026062
0.995789826 0.010520382 -0.091059923 -4.511984348 -0.009657819 0.999904215 0.009907951 -0.653796196 0.091155455 -0.008986796 0.995796144 67.689964294
0.995647609 0.012153920 -0.092402250 -4.588882446 -0.010906865 0.999842584 0.013988966 -0.658982575 0.092557743 -0.012920259 0.995623589 68.472557068
0.995460927 0.015411270 -0.093915001 -4.675048828 -0.013992869 0.999778152 0.015742891 -0.661887884 0.094136789 -0.014357293 0.995455742 69.259086609
0.995284498 0.018421892 -0.095234081 -4.754111290 -0.017399801 0.999781847 0.011551799 -0.667886436 0.095426120 -0.009840272 0.995387912 70.006340027
0.995155811 0.018087812 -0.096631750 -4.826378822 -0.017747594 0.999832928 0.004379203 -0.678007185 0.096694805 -0.002643009 0.995310545 70.725616455
0.995028436 0.017266830 -0.098081321 -4.898755074 -0.017497681 0.999845862 -0.001493906 -0.683560312 0.098040409 0.003202675 0.995177150 71.431137085
0.994974434 0.017754970 -0.098542817 -4.974765778 -0.018119300 0.999831915 -0.002803341 -0.687826991 0.098476484 0.004574779 0.995128870 72.127655029
0.994865537 0.020632911 -0.099079281 -5.054310799 -0.020657726 0.999786377 0.000775563 -0.698507309 0.099074103 0.001275172 0.995079160 72.801467896
0.994727314 0.021110673 -0.100358374 -5.124777317 -0.020890873 0.999776483 0.003240679 -0.716580451 0.100404367 -0.001127017 0.994945943 73.445533752
0.994688094 0.017830148 -0.101379119 -5.189387321 -0.017926730 0.999839365 -0.000041609 -0.728250861 0.101362072 0.001858784 0.994847775 74.083236694
0.994772851 0.009641897 -0.101655215 -5.235740662 -0.010236961 0.999933362 -0.005333701 -0.740810394 0.101597033 0.006346462 0.994805276 74.699569702
0.994902313 0.005684361 -0.100682229 -5.288599968 -0.006745483 0.999925256 -0.010202020 -0.748632610 0.100616716 0.010829163 0.994866252 75.295852661
0.995195627 0.007776291 -0.097596660 -5.349925995 -0.008861343 0.999903679 -0.010689184 -0.757774472 0.097504146 0.011502667 0.995168507 75.879013062
0.995542228 0.013033273 -0.093412027 -5.410999775 -0.013779316 0.999878049 -0.007346024 -0.775148988 0.093304902 0.008600430 0.995600343 76.442367554
0.995985150 0.011421094 -0.088785522 -5.461355209 -0.011833185 0.999921560 -0.004116448 -0.789582849 0.088731527 0.005150537 0.996042192 76.988494873
0.996544480 0.007928319 -0.082680561 -5.497515202 -0.007976273 0.999968231 -0.000249701 -0.799728990 0.082675949 0.000908322 0.996575952 77.525634766
0.997213304 0.003503701 -0.074520707 -5.528496742 -0.003221852 0.999987245 0.003902038 -0.820102334 0.074533425 -0.003651068 0.997211754 78.053466797
0.997917771 0.006860268 -0.064131737 -5.558000088 -0.006636681 0.999971211 0.003698750 -0.829499841 0.064155273 -0.003265427 0.997934520 78.589447021
0.998722017 0.012030127 -0.049085945 -5.584878445 -0.011892008 0.999924541 0.003104940 -0.834710062 0.049119599 -0.002517242 0.998789728 79.094032288
0.999375105 0.017159104 -0.030899156 -5.600593567 -0.017057132 0.999848247 0.003560760 -0.838440061 0.030955572 -0.003031484 0.999516129 79.591522217
0.999837875 0.015784459 -0.008660629 -5.592295170 -0.015748775 0.999867380 0.004173183 -0.845058680 0.008725356 -0.004036113 0.999953628 80.080268860
0.999779165 0.012017813 0.017233111 -5.557708740 -0.012106815 0.999913990 0.005069676 -0.852502763 -0.017170690 -0.005277195 0.999838591 80.549507141
0.998826444 0.010955113 0.047177270 -5.523022652 -0.011283354 0.999913990 0.006696910 -0.863704264 -0.047099821 -0.007221368 0.998864114 80.987747192
0.996788740 0.009822632 0.079471335 -5.452502728 -0.010523423 0.999909401 0.008404139 -0.875712991 -0.079381578 -0.009213461 0.996801674 81.423477173
0.992973268 0.010331904 0.117886059 -5.394593239 -0.011428315 0.999897540 0.008628417 -0.875251472 -0.117784806 -0.009915024 0.992989600 81.836845398
0.987089336 0.010707823 0.159812346 -5.303765297 -0.012190765 0.999891341 0.008301712 -0.875594079 -0.159706056 -0.010142764 0.987112522 82.267997742
0.978871763 0.010101453 0.204225510 -5.176706314 -0.012022758 0.999894440 0.008169165 -0.882605135 -0.204121411 -0.010451917 0.978889763 82.682929993
0.967294931 0.012320370 0.253354937 -5.048604965 -0.014464296 0.999873638 0.006601124 -0.897325873 -0.253241599 -0.010049834 0.967350900 83.077941895
0.951889217 0.013673615 0.306137174 -4.892879486 -0.015434604 0.999875367 0.003332238 -0.901084304 -0.306053430 -0.007897025 0.951981604 83.454017639
0.932048082 0.014207617 0.362055987 -4.719083786 -0.015378576 0.999881744 0.000352534 -0.897643209 -0.362008154 -0.005896485 0.932156324 83.819343567
0.907637417 0.013884450 0.419525504 -4.524166107 -0.014743950 0.999890566 -0.001193658 -0.906704962 -0.419496119 -0.005102055 0.907742858 84.166076660
0.878645003 0.013879145 0.477273941 -4.304466248 -0.014182841 0.999895096 -0.002966858 -0.916695952 -0.477265030 -0.004162287 0.878749549 84.497497559
0.844884098 0.012883228 0.534794211 -4.076198578 -0.012185916 0.999914110 -0.004836312 -0.927352548 -0.534810483 -0.002430834 0.844968557 84.769271851
0.807720780 0.012529616 0.589431942 -3.820159912 -0.010833609 0.999920905 -0.006409713 -0.933690786 -0.589465439 -0.001208416 0.807792723 85.056121826
0.767505050 0.011528193 0.640939116 -3.543910980 -0.010308037 0.999931037 -0.005641604 -0.944093704 -0.640959918 -0.002276865 0.767570972 85.327369690
0.724882007 0.011026034 0.688784838 -3.249160767 -0.012001108 0.999922335 -0.003376655 -0.952651739 -0.688768506 -0.005818505 0.724958003 85.574493408
0.680313289 0.009448415 0.732860446 -2.941783905 -0.010386428 0.999940872 -0.003250047 -0.960612655 -0.732847810 -0.005400752 0.680371165 85.786178589
0.633843541 0.008116120 0.773418665 -2.618453979 -0.006658820 0.999965131 -0.005036325 -0.962961137 -0.773432493 -0.001957812 0.633875608 85.991210938
0.587698400 0.005265873 0.809062958 -2.275333405 -0.000165323 0.999979615 -0.006388384 -0.966019213 -0.809080005 0.003620686 0.587687433 86.171539307
0.541656554 0.007353287 0.840567708 -1.939731598 -0.002415731 0.999971211 -0.007191067 -0.977859676 -0.840596378 0.001864501 0.541658759 86.332519531
0.494482517 0.010201141 0.869127750 -1.610191345 -0.005771585 0.999947608 -0.008452911 -0.987865567 -0.869168341 -0.000836426 0.494515657 86.481422424
0.448419094 0.011785646 0.893745661 -1.289253235 -0.006939616 0.999928832 -0.009704050 -1.004822969 -0.893796504 -0.001850771 0.448468983 86.610099792
0.405686527 0.009385384 0.913963974 -0.938442230 0.000540250 0.999944687 -0.010508113 -1.008093357 -0.914012134 0.004756770 0.405659080 86.721885681
0.366667002 0.001326884 0.930351317 -0.564077377 0.015675141 0.999848187 -0.007603839 -1.014375091 -0.930220187 0.017371463 0.366590619 86.806869507
0.330768168 -0.002241643 0.943709314 -0.202127457 0.019504126 0.999799728 -0.004461281 -1.020859003 -0.943510473 0.019881874 0.330745697 86.900650024
0.298059821 0.002068485 0.954544902 0.166721344 0.017009497 0.999827266 -0.007477887 -1.025010943 -0.954395592 0.018465191 0.297973216 86.993263245
0.267212659 0.009108874 0.963594496 0.530002594 0.006641833 0.999914110 -0.011294041 -1.040731907 -0.963614702 0.009417946 0.267129242 87.089508057
0.238440901 0.014469414 0.971049190 0.912679672 0.002016326 0.999879420 -0.015394116 -1.049782991 -0.971154869 0.005628538 0.238382965 87.185562134
0.212667882 0.016108856 0.976991773 1.302917480 0.003485019 0.999845207 -0.017244278 -1.063598871 -0.977118194 0.007072139 0.212578833 87.250221252
0.189035475 0.017371546 0.981816590 1.711709976 0.010395593 0.999752045 -0.019690413 -1.075240254 -0.981915236 0.013928751 0.188807964 87.307647705
0.169369563 0.023605440 0.985269904 2.123547554 0.017356239 0.999486685 -0.026929621 -1.076630831 -0.985399723 0.021661635 0.168872893 87.343315125
0.149383605 0.030658007 0.988303959 2.544278145 0.019220563 0.999240339 -0.033902477 -1.074297190 -0.988592446 0.024060229 0.148680836 87.395347595
0.131867394 0.031163773 0.990777373 3.009084702 0.017116509 0.999285102 -0.033709504 -1.087434888 -0.991119504 0.021403840 0.131239727 87.458923340
0.116324335 0.026912130 0.992846549 3.466018677 0.014842141 0.999474168 -0.028830722 -1.110891104 -0.993100286 0.018089686 0.115863733 87.507240295
0.101688668 0.023769863 0.994532168 3.937586784 0.015198422 0.999560714 -0.025444053 -1.129713893 -0.994700193 0.017702691 0.101282708 87.552436829
0.088635102 0.021447364 0.995833218 4.416965485 0.017325489 0.999583721 -0.023070216 -1.145913720 -0.995913446 0.019298133 0.088226639 87.579055786
0.077178657 0.020280385 0.996810794 4.924676895 0.021408312 0.999528885 -0.021993225 -1.160937548 -0.996787369 0.023037449 0.076708123 87.604804993
0.066957049 0.021119360 0.997532248 5.435579300 0.024538806 0.999438763 -0.022806831 -1.174332619 -0.997453988 0.026005331 0.066401228 87.630043030
0.059025407 0.021624155 0.998022139 5.964429379 0.026733877 0.999372542 -0.023234513 -1.189390898 -0.997898400 0.028052431 0.058410265 87.655990601
0.053440697 0.021739036 0.998334229 6.512858868 0.028278122 0.999329031 -0.023274418 -1.207456350 -0.998170495 0.029474821 0.052790098 87.681327820
0.047992580 0.022844635 0.998586416 7.070906162 0.029663825 0.999264896 -0.024285821 -1.216217041 -0.998407066 0.030787436 0.047279641 87.700103760
0.042372733 0.023410358 0.998827577 7.645232201 0.030152809 0.999240100 -0.024699187 -1.232657552 -0.998646736 0.031164031 0.041634653 87.715240479
0.037820961 0.023339992 0.999011934 8.249809265 0.032793880 0.999159753 -0.024584973 -1.251547813 -0.998746336 0.033691302 0.037023775 87.736457825
0.034824327 0.023575481 0.999115467 8.872410774 0.034188434 0.999108493 -0.024766967 -1.266903996 -0.998808503 0.035020683 0.033987265 87.756080627
0.031828687 0.023041863 0.999227703 9.510262489 0.035270642 0.999085724 -0.024162075 -1.285206318 -0.998870790 0.036012445 0.030986883 87.771438599
0.029434025 0.022233570 0.999319315 10.163647652 0.037290648 0.999032199 -0.023325538 -1.306325555 -0.998870850 0.037951823 0.028576436 87.790710449
0.028771918 0.021898130 0.999346018 10.840973854 0.041915640 0.998854220 -0.023094133 -1.324691057 -0.998706758 0.042552684 0.027821077 87.803344727
0.029848306 0.021786531 0.999316990 11.530986786 0.045014404 0.998718858 -0.023118012 -1.339961767 -0.998540282 0.045673694 0.028829353 87.818565369
0.032239184 0.021942900 0.999239266 12.234492302 0.046486758 0.998644173 -0.023429668 -1.355681777 -0.998398423 0.047206748 0.031175420 87.840141296
0.035859510 0.021832077 0.999118328 12.962291718 0.048991911 0.998520851 -0.023577398 -1.376384974 -0.998155236 0.049794193 0.034736875 87.868095398
0.040543783 0.021305719 0.998950601 13.703956604 0.049751330 0.998489618 -0.023315115 -1.398024201 -0.997938395 0.050644405 0.039422549 87.894187927
0.044239562 0.019681076 0.998827159 14.455381393 0.051307987 0.998441756 -0.021945998 -1.418170452 -0.997702539 0.052218676 0.043160826 87.934638977
0.047910858 0.018032873 0.998688817 15.223539352 0.050842576 0.998496890 -0.020468522 -1.439647794 -0.997556806 0.051756565 0.046921998 87.980323792
0.052536268 0.016047763 0.998490036 16.002088547 0.048041537 0.998672664 -0.018578433 -1.455762744 -0.997462749 0.048945047 0.051695570 88.016021729
0.056102645 0.015064627 0.998311281 16.793451309 0.047038037 0.998735964 -0.017714454 -1.475027084 -0.997316360 0.047952428 0.055323124 88.076354980
0.060365114 0.015971554 0.998048604 17.603681564 0.044672783 0.998826921 -0.018685961 -1.497188210 -0.997176230 0.045713585 0.059580803 88.131469727
0.063555047 0.019840308 0.997781098 18.405624390 0.042076714 0.998860061 -0.022541896 -1.530536890 -0.997090876 0.043416008 0.062647782 88.177925110
0.064879484 0.025071681 0.997578025 19.205247879 0.036310986 0.998962998 -0.027468044 -1.555180788 -0.997232199 0.038005162 0.063901827 88.241432190
0.064784192 0.028228909 0.997499883 20.012527466 0.033276755 0.998982787 -0.030432081 -1.583313704 -0.997344255 0.035165086 0.063778915 88.299903870
0.064151324 0.028175537 0.997542322 20.812757492 0.030761709 0.999070466 -0.030196965 -1.610907674 -0.997465909 0.032623287 0.063224956 88.374206543
0.064887598 0.026264643 0.997546852 21.650676727 0.028102839 0.999208927 -0.028136421 -1.646399260 -0.997496784 0.029859606 0.064098157 88.422798157
0.064585231 0.024947904 0.997600198 22.471195221 0.028895974 0.999221444 -0.026859194 -1.677903056 -0.997493744 0.030561339 0.063814059 88.484260559
0.064904295 0.023845041 0.997606516 23.295867920 0.026828721 0.999311388 -0.025631269 -1.716015100 -0.997530758 0.028428085 0.064219870 88.545471191
0.064859897 0.024409305 0.997595847 24.108312607 0.024928004 0.999349177 -0.026072940 -1.748435259 -0.997583032 0.026559159 0.064209215 88.607406616
0.065135472 0.024626633 0.997572482 24.919223785 0.021505436 0.999428570 -0.026076630 -1.789597988 -0.997644603 0.023151744 0.064568654 88.660247803
0.063729852 0.026070654 0.997626543 25.730445862 0.018578414 0.999454498 -0.027305236 -1.819603682 -0.997794151 0.020274475 0.063210741 88.721382141
0.060620103 0.025779156 0.997827947 26.542087555 0.015266584 0.999525487 -0.026750490 -1.851996183 -0.998044074 0.016855041 0.060197789 88.780555725
0.056543857 0.024579113 0.998097539 27.350866318 0.012950465 0.999594688 -0.025349649 -1.883590102 -0.998316050 0.014359189 0.056202650 88.836364746
0.052425120 0.021912361 0.998384416 28.162879944 0.010988428 0.999686122 -0.022517927 -1.918970942 -0.998564303 0.012151181 0.052167881 88.871788025
0.046621449 0.019874135 0.998714983 28.978145599 0.008645273 0.999756634 -0.020298436 -1.948362231 -0.998875082 0.009580505 0.046438280 88.910751343
0.038748637 0.020382900 0.999041140 29.783386230 0.008415030 0.999749899 -0.020723742 -1.974457026 -0.999213457 0.009209977 0.038567424 88.945816040
0.030376889 0.020954438 0.999318838 30.578863144 0.007808411 0.999744833 -0.021200730 -2.007311344 -0.999508023 0.008447104 0.030205518 88.965820312
0.020165818 0.021448728 0.999566615 31.383529663 0.008239663 0.999732435 -0.021618521 -2.030608177 -0.999762774 0.008672045 0.019983690 88.984710693
0.010066349 0.020473722 0.999739707 32.183280945 0.010247773 0.999735892 -0.020576827 -2.059252739 -0.999896884 0.010452239 0.009853873 88.990386963
-0.000931877 0.019448560 0.999810398 32.975395203 0.008743872 0.999772787 -0.019439684 -2.087783337 -0.999961317 0.008724096 -0.001101721 88.992736816
-0.011875794 0.018784748 0.999752998 33.763858795 0.010164049 0.999774218 -0.018664408 -2.111988544 -0.999877810 0.009939884 -0.012064041 88.979125977
-0.022874346 0.019113822 0.999555588 34.547691345 0.010750216 0.999764264 -0.018871801 -2.140160322 -0.999680519 0.010313760 -0.023074429 88.958900452
-0.034030944 0.019852631 0.999223530 35.325485229 0.010831293 0.999751389 -0.019494237 -2.164577961 -0.999362051 0.010159476 -0.034237515 88.932357788
-0.044392165 0.020650079 0.998800695 36.102649689 0.009970012 0.999745667 -0.020226501 -2.193555355 -0.998964369 0.009060155 -0.044586744 88.893554688
-0.054847654 0.021759328 0.998257637 36.867733002 0.010558962 0.999719262 -0.021211043 -2.216868639 -0.998438835 0.009377188 -0.055062011 88.852073669
-0.064093620 0.022354947 0.997693479 37.626617432 0.011772653 0.999696374 -0.021643534 -2.246052980 -0.997874320 0.010358286 -0.064337343 88.794517517
-0.074105680 0.022972088 0.996985734 38.399486542 0.012576453 0.999676585 -0.022099290 -2.271895647 -0.997171104 0.010900861 -0.074370615 88.744178772
-0.083202161 0.023239896 0.996261597 39.138259888 0.013172472 0.999666274 -0.022219226 -2.300325394 -0.996445656 0.011274541 -0.083480522 88.679855347
-0.091863647 0.022742411 0.995511889 39.872512817 0.014571331 0.999662757 -0.021492634 -2.324276209 -0.995665073 0.012531543 -0.092164055 88.607597351
-0.099656649 0.021677462 0.994785726 40.600028992 0.016029442 0.999667883 -0.020178037 -2.350212812 -0.994892836 0.013934984 -0.099971041 88.539184570
-0.104419693 0.019962238 0.994332910 41.331703186 0.018850284 0.999658644 -0.018089604 -2.380999088 -0.994354665 0.016854551 -0.104760341 88.443954468
-0.107493065 0.018495247 0.994033813 42.037216187 0.022261966 0.999620974 -0.016191840 -2.402041912 -0.993956566 0.020388633 -0.107864074 88.350532532
-0.110641114 0.017430354 0.993707597 42.743873596 0.023436859 0.999613941 -0.014924458 -2.423121929 -0.993584037 0.021638121 -0.111006938 88.276329041
-0.112491466 0.016356435 0.993517995 43.429748535 0.023442971 0.999629974 -0.013802715 -2.446466208 -0.993376076 0.021738324 -0.112833276 88.201202393
-0.113275096 0.016846396 0.993420899 44.097888947 0.024522498 0.999599218 -0.014154983 -2.468472958 -0.993260980 0.022757754 -0.113642812 88.125892639
-0.112274781 0.017844450 0.993516862 44.749881744 0.025084116 0.999571085 -0.015118493 -2.488764524 -0.993360519 0.023224073 -0.112674229 88.053176880
-0.109125838 0.019562408 0.993835390 45.366920471 0.026433280 0.999509871 -0.016771656 -2.509050369 -0.993676364 0.024440112 -0.109589458 87.984161377
-0.104050428 0.020207897 0.994366646 46.001384735 0.026843728 0.999486446 -0.017503014 -2.526432991 -0.994209647 0.024871312 -0.104539439 87.918495178
-0.096064925 0.021051656 0.995152354 46.593708038 0.026316082 0.999480665 -0.018602848 -2.544084549 -0.995027065 0.024401428 -0.096569031 87.867195129
-0.084856041 0.020842746 0.996175230 47.177070618 0.024876740 0.999513924 -0.018793557 -2.569698811 -0.996082544 0.023186840 -0.085333303 87.827033997
-0.071030423 0.021175334 0.997249305 47.733680725 0.024438821 0.999511421 -0.019482680 -2.590311766 -0.997174680 0.022987731 -0.071513221 87.792037964
-0.054242209 0.021898691 0.998287559 48.280437469 0.023365177 0.999513686 -0.020656031 -2.622211456 -0.998254418 0.022204740 -0.054727498 87.782325745
-0.033107851 0.024554510 0.999150276 48.811470032 0.021130577 0.999491930 -0.023862734 -2.645234108 -0.999228358 0.020322574 -0.033609889 87.782997131
-0.008315045 0.027688285 0.999582112 49.335407257 0.019168105 0.999437332 -0.027524831 -2.667614937 -0.999781668 0.018931219 -0.008841105 87.796875000
0.019986954 0.029349659 0.999369383 49.842731476 0.017299924 0.999409199 -0.029696822 -2.688952446 -0.999650538 0.017882559 0.019467391 87.828964233
0.052866980 0.028697629 0.998189211 50.354438782 0.014490167 0.999459743 -0.029501598 -2.713285923 -0.998496473 0.016023584 0.052422579 87.878135681
0.092348151 0.025692020 0.995395362 50.830417633 0.013268748 0.999546468 -0.027030181 -2.743455648 -0.995638371 0.015703833 0.091965362 87.914505005
0.133679941 0.022473987 0.990769625 51.366806030 0.012018267 0.999632597 -0.024296591 -2.754971027 -0.990951598 0.015155303 0.133360758 88.027076721
0.179168776 0.018354909 0.983646989 51.859756470 0.009252292 0.999750376 -0.020340670 -2.773323298 -0.983774781 0.012745403 0.178954214 88.140441895
0.227626026 0.015045077 0.973632336 52.343276978 0.004859000 0.999850690 -0.016586199 -2.790282965 -0.973736346 0.008506331 0.227518916 88.281867981
0.280024648 0.012978500 0.959904969 52.810028076 0.000645703 0.999905884 -0.013707701 -2.815294266 -0.959992528 0.004458308 0.279989928 88.445945740
0.334604323 0.012860543 0.942270935 53.255405426 -0.000286891 0.999908268 -0.013545329 -2.828767300 -0.942358613 0.004261996 0.334577382 88.639526367
0.390071690 0.013748422 0.920681715 53.670860291 0.002170034 0.999872088 -0.015850354 -2.843688488 -0.920781910 0.008180684 0.389991999 88.880470276
0.450648993 0.016362462 0.892551124 54.089675903 0.003452194 0.999792635 -0.020071449 -2.864825249 -0.892694533 0.012126437 0.450499058 89.118217468
0.510687828 0.019674569 0.859540939 54.488319397 0.004283724 0.999667645 -0.025427146 -2.883286715 -0.859755576 0.016667372 0.510433793 89.386444092
0.569655180 0.024511080 0.821518242 54.847763062 0.001018100 0.999533474 -0.030528370 -2.883720636 -0.821883082 0.018227031 0.569364429 89.671470642
0.623203218 0.027458595 0.781577706 55.161361694 -0.002699139 0.999453187 -0.032960851 -2.897565126 -0.782055199 0.018431723 0.622936487 90.012527466
0.676337063 0.027530123 0.736077607 55.485054016 -0.003991902 0.999423742 -0.033711646 -2.921653509 -0.736581445 0.019862086 0.676057100 90.357246399
0.725469708 0.025282942 0.687789440 55.782009125 -0.004214991 0.999469638 -0.032294296 -2.943091869 -0.688241124 0.020529509 0.725191414 90.717575073
0.769893944 0.022816837 0.637763858 56.027240753 -0.006541221 0.999590397 -0.027865242 -2.948363781 -0.638138354 0.017281529 0.769727707 91.095840454
0.811859488 0.019658735 0.583521783 56.282119751 -0.008379135 0.999722481 -0.022022473 -2.949842691 -0.583792686 0.012989749 0.811798811 91.500129700
0.848574281 0.017729111 0.528779089 56.500892639 -0.010973359 0.999813139 -0.015912293 -2.957194805 -0.528962433 0.007700277 0.848610282 91.924400330
0.879570067 0.014594901 0.475545466 56.686088562 -0.011947690 0.999891698 -0.008589064 -2.964810371 -0.475619197 0.001873014 0.879649222 92.358810425
0.905257523 0.015689854 0.424573570 56.845146179 -0.016003245 0.999867976 -0.002828069 -2.979633808 -0.424561799 -0.004234425 0.905388951 92.788734436
0.924994648 0.017367987 0.379583031 56.951251984 -0.019278271 0.999813378 0.001231741 -2.999173403 -0.379490733 -0.008457059 0.925156772 93.180984497
0.940224886 0.022649920 0.339800239 57.078491211 -0.025468191 0.999668241 0.003835831 -3.005256891 -0.339600652 -0.012260642 0.940489769 93.638061523
0.952148139 0.026877996 0.304453194 57.191085815 -0.029206099 0.999568701 0.003094484 -3.008067608 -0.304238707 -0.011838295 0.952522218 94.097747803
0.961273611 0.029290566 0.274034858 57.294143677 -0.031351060 0.999503553 0.003141655 -3.006667614 -0.273806840 -0.011611274 0.961714506 94.562286377
0.967355728 0.024210079 0.252263665 57.404869080 -0.025876556 0.999659717 0.003290159 -3.011969566 -0.252098262 -0.009710468 0.967652917 95.029579163
0.971337020 0.021097459 0.236768216 57.511924744 -0.022758842 0.999731839 0.004285643 -3.021414280 -0.236614376 -0.009551375 0.971556664 95.511466980
0.974147439 0.025601093 0.224458128 57.602420807 -0.027192423 0.999622226 0.004000773 -3.026684523 -0.224270970 -0.010000902 0.974475443 96.003120422
0.976208150 0.030784743 0.214639276 57.692008972 -0.032647021 0.999453664 0.005135836 -3.028100967 -0.214363933 -0.012020976 0.976679921 96.524993896
0.977383912 0.037202559 0.208174631 57.792495728 -0.038581185 0.999252200 0.002564640 -3.013501644 -0.207923546 -0.010538263 0.978088319 97.010421753
0.977722347 0.043014608 0.205447748 57.884857178 -0.043773122 0.999041200 -0.000853806 -3.018916130 -0.205287501 -0.008158302 0.978667736 97.529006958
0.977864444 0.044634037 0.204423591 57.994392395 -0.044840012 0.998987675 -0.003626793 -3.024328947 -0.204378530 -0.005619844 0.978875816 98.068229675
0.977311790 0.043572091 0.207275867 58.105606079 -0.043045361 0.999048352 -0.007052858 -3.036504030 -0.207385913 -0.002029424 0.978257120 98.603790283
0.976577699 0.042054225 0.211015433 58.229164124 -0.040029410 0.999102473 -0.013859931 -3.037111282 -0.211408868 0.005088478 0.977384448 99.159622192
0.975771546 0.041760255 0.214769438 58.360511780 -0.038723253 0.999081790 -0.018330639 -3.045102835 -0.215337694 0.009569947 0.976492763 99.712768555
0.974590719 0.046173912 0.219182074 58.483268738 -0.043180969 0.998897314 -0.018428620 -3.048711777 -0.219791293 0.008495868 0.975509882 100.292388916
0.973098576 0.049607493 0.224985182 58.609001160 -0.047628701 0.998763978 -0.014217651 -3.064868689 -0.225412369 0.003119425 0.974258542 100.886810303
0.972167194 0.046309415 0.229665250 58.755126953 -0.045298729 0.998926699 -0.009673907 -3.075670958 -0.229866743 -0.000998891 0.973221660 101.482055664
0.971409798 0.042359401 0.233599097 58.906120300 -0.042655271 0.999082685 -0.003787652 -3.090858459 -0.233545199 -0.006284874 0.972325683 102.104576111
0.970616758 0.040059358 0.237272725 59.060859680 -0.041490842 0.999138355 0.001040390 -3.102207422 -0.237026602 -0.010854465 0.971442461 102.725158691
0.970026016 0.035240572 0.240431890 59.219394684 -0.036729295 0.999323785 0.001712052 -3.109464169 -0.240208909 -0.010491629 0.970664501 103.363334656
0.970030248 0.031774987 0.240897343 59.378593445 -0.032307874 0.999476433 -0.001738225 -3.112783194 -0.240826473 -0.006096750 0.970548928 104.006156921
0.970173180 0.031261493 0.240388855 59.542449951 -0.030110370 0.999510765 -0.008460986 -3.123347282 -0.240535781 0.000970424 0.970639765 104.651664734
0.970391691 0.033525702 0.239198461 59.702743530 -0.030813122 0.999411583 -0.015071893 -3.134654045 -0.239563003 0.007255188 0.970853686 105.289329529
0.970995426 0.036249481 0.236334354 59.861755371 -0.032710861 0.999286592 -0.018878017 -3.142183542 -0.236850068 0.010599764 0.971488357 105.967285156
0.971547782 0.035063546 0.234233797 60.019725800 -0.032513544 0.999362648 -0.014740552 -3.150567532 -0.234601334 0.006705379 0.972068429 106.661155701
0.971961439 0.031077569 0.233077303 60.186813354 -0.030259095 0.999517024 -0.007087286 -3.165646553 -0.233184934 -0.000164140 0.972432315 107.374320984
0.972574115 0.031350240 0.230470479 60.358512878 -0.031941965 0.999489009 -0.001164082 -3.178745747 -0.230389223 -0.006229525 0.973078609 108.097183228
0.972854853 0.034716163 0.228797302 60.518203735 -0.035187628 0.999378741 -0.002019852 -3.187061071 -0.228725255 -0.006085812 0.973472059 108.824005127
0.973166347 0.040370800 0.226533055 60.675468445 -0.039910484 0.999181330 -0.006613631 -3.196307182 -0.226614609 -0.002604881 0.973980904 109.555816650
0.973986328 0.041283008 0.222814515 60.839080811 -0.039660010 0.999144018 -0.011755796 -3.207504749 -0.223109126 0.002613157 0.974789977 110.296844482
0.974944770 0.039838791 0.218850255 61.007884979 -0.037488166 0.999186099 -0.014884459 -3.216197252 -0.219265133 0.006307228 0.975645006 111.054435730
0.975878417 0.037919220 0.214996547 61.176536560 -0.035887420 0.999266744 -0.013347400 -3.229290485 -0.215345025 0.005309767 0.976523578 111.834083557
0.976748049 0.034096714 0.211661637 61.345359802 -0.032517552 0.999411345 -0.010938139 -3.248777866 -0.211910009 0.003801086 0.977281749 112.608917236
0.977191627 0.032629620 0.209837690 61.513313293 -0.031653874 0.999466836 -0.008007711 -3.263772488 -0.209987149 0.001182891 0.977703393 113.402893066
0.977494419 0.030058419 0.208808959 61.678325653 -0.029507643 0.999548018 -0.005752967 -3.274578571 -0.208887517 -0.000537968 0.977939546 114.201309204
0.977708995 0.025090640 0.208459944 61.852531433 -0.024660232 0.999684989 -0.004663761 -3.286383152 -0.208511233 -0.000580870 0.978019893 114.994941711
0.977831483 0.025755359 0.207803383 62.018928528 -0.025673717 0.999665618 -0.003090314 -3.297029972 -0.207813472 -0.002313280 0.978165746 115.798919678
0.977603972 0.031277135 0.208115458 62.182640076 -0.030954231 0.999509275 -0.004808891 -3.314473391 -0.208163694 -0.001740862 0.978092492 116.611709595
0.977334440 0.037054271 0.208432749 62.349166870 -0.036056228 0.999312878 -0.008587038 -3.313147545 -0.208607718 0.000877110 0.977998972 117.426300049
0.976832092 0.044882081 0.209247261 62.515201569 -0.043752652 0.998992085 -0.010025676 -3.333653927 -0.209486321 0.000638283 0.977811337 118.252449036
0.975854099 0.051069148 0.212368876 62.676574707 -0.050142258 0.998694479 -0.009751680 -3.344434261 -0.212589592 -0.001132434 0.977140903 119.080642700
0.975111306 0.053507116 0.215161875 62.850128174 -0.053122923 0.998559296 -0.007572256 -3.364540100 -0.215257019 -0.004046232 0.976548970 119.913589478
0.974507153 0.054425232 0.217654362 63.034461975 -0.053910483 0.998511195 -0.008306972 -3.385360479 -0.217782393 -0.003638647 0.975990534 120.749046326
0.974134922 0.052523747 0.219777852 63.205902100 -0.051281340 0.998619676 -0.011358324 -3.393366337 -0.220071018 -0.000205960 0.975483835 121.585708618
0.974162042 0.046316061 0.221049786 63.412525177 -0.045318685 0.998926580 -0.009584266 -3.417624950 -0.221256420 -0.000681057 0.975215554 122.426910400
0.974407077 0.039746851 0.221248671 63.607536316 -0.038247533 0.999207020 -0.011058455 -3.437555313 -0.221512794 0.002313221 0.975154698 123.259078979
0.974144995 0.039297402 0.222479299 63.792076111 -0.037755210 0.999224484 -0.011182494 -3.456874847 -0.222746164 0.002493619 0.974873304 124.086700439
0.973550677 0.042072706 0.224563569 63.976299286 -0.041283902 0.999113679 -0.008209025 -3.473592043 -0.224709928 -0.001278958 0.974424899 124.920623779
0.973098159 0.044256590 0.226099998 64.157279968 -0.044849571 0.998990655 -0.002516068 -3.491076946 -0.225983128 -0.007692106 0.974100888 125.760574341
0.972824812 0.047382049 0.226642579 64.351486206 -0.049039062 0.998795450 0.001682933 -3.507829428 -0.226289839 -0.012751537 0.973976552 126.588684082
0.972523689 0.046821117 0.228047341 64.535873413 -0.046995506 0.998884201 -0.004668512 -3.525411844 -0.228011444 -0.006176957 0.973638892 127.416381836
0.972814560 0.042655706 0.227623463 64.727188110 -0.039329357 0.999043167 -0.019131299 -3.544245005 -0.228221729 0.009658922 0.973561287 128.221313477
