1.000000000 0.000000000 0.000000000 0.000000000 0.000000000 1.000000000 0.000000000 0.000000000 0.000000000 0.000000000 1.000000000 0.000000000
1.000000000 -0.000066972 0.000120891 -0.014609145 0.000066797 0.999998987 0.001442737 -0.012619768 -0.000120987 -0.001442729 0.999998927 1.315732837
0.999998569 -0.001577767 -0.000505379 -0.013441714 0.001578725 0.999996960 0.001900240 -0.041751556 0.000502379 -0.001901035 0.999998093 2.616362810
0.999996185 -0.002720008 -0.000501921 -0.019211559 0.002720407 0.999996006 0.000794475 -0.056317456 0.000499758 -0.000795837 0.999999583 3.927615166
0.999995351 -0.002962803 -0.000680695 -0.025859021 0.002963333 0.999995291 0.000777729 -0.073451847 0.000678388 -0.000779742 0.999999523 5.253318787
0.999992907 -0.003740395 -0.000436350 -0.028336588 0.003741245 0.999991059 0.001964862 -0.102453880 0.000428997 -0.001966481 0.999997973 6.576112270
0.999986589 -0.005174675 -0.000108631 -0.036030479 0.005174970 0.999982297 0.002921855 -0.115434945 0.000093509 -0.002922377 0.999995708 7.904792309
0.999989510 -0.004571423 -0.000292993 -0.042559385 0.004572445 0.999983072 0.003590510 -0.137601659 0.000276574 -0.003591812 0.999993443 9.246193886
0.999992430 -0.003843806 -0.000483614 -0.048860762 0.003844657 0.999991059 0.001770624 -0.156113237 0.000476803 -0.001772470 0.999998271 10.599194527
0.999998629 -0.001303354 -0.000941491 -0.056502856 0.001303161 0.999999106 -0.000205890 -0.179639757 0.000941759 0.000204663 0.999999464 11.927765846
0.999996901 0.002436173 -0.000479309 -0.075056478 -0.002436715 0.999996424 -0.001132186 -0.201857358 0.000476549 0.001133351 0.999999166 13.270155907
0.999989390 0.004580592 -0.000450682 -0.092667617 -0.004581136 0.999988794 -0.001211961 -0.222857878 0.000445125 0.001214013 0.999999166 14.610630989
0.999982834 0.005820252 -0.000726066 -0.091870800 -0.005820532 0.999983013 -0.000383988 -0.243493900 0.000723819 0.000388207 0.999999702 15.969202995
0.999994576 0.003279916 0.000284507 -0.113781281 -0.003280610 0.999991536 0.002471754 -0.266545027 -0.000276397 -0.002472674 0.999996901 17.321250916
0.999999702 -0.000749618 0.000365387 -0.115173176 0.000748008 0.999990106 0.004386256 -0.285245687 -0.000368672 -0.004385980 0.999990344 18.672533035
0.999995649 -0.002954934 0.000168965 -0.117264673 0.002954634 0.999994099 0.001754889 -0.297856897 -0.000174149 -0.001754382 0.999998450 20.038846970
0.999989331 -0.004615705 -0.000019259 -0.126510590 0.004615709 0.999989271 0.000282598 -0.328273177 0.000017954 -0.000282684 0.999999881 21.388792038
0.999997735 -0.001705411 0.001240405 -0.150405452 0.001707195 0.999997437 -0.001439488 -0.343860120 -0.001237947 0.001441602 0.999998212 22.734519958
0.999998510 0.000704911 0.001661896 -0.152022302 -0.000705804 0.999999583 0.000536890 -0.362770528 -0.001661517 -0.000538062 0.999998450 24.123428345
0.999997377 0.001100434 0.002020225 -0.154680312 -0.001108766 0.999990821 0.004128069 -0.382553011 -0.002015664 -0.004130298 0.999989450 25.497888565
0.999996841 -0.001351422 0.002125609 -0.155040115 0.001338474 0.999980628 0.006080941 -0.395708323 -0.002133786 -0.006078077 0.999979258 26.873514175
0.999977291 -0.006504096 0.001817480 -0.147340536 0.006495884 0.999968827 0.004489124 -0.417857617 -0.001846621 -0.004477214 0.999988258 28.276863098
0.999980330 -0.006044328 0.001675407 -0.147743776 0.006040937 0.999979734 0.002021514 -0.428092659 -0.001687592 -0.002011352 0.999996543 29.654903412
0.999971747 -0.007001774 0.002715761 -0.154278710 0.007002716 0.999975443 -0.000337219 -0.451146364 -0.002713332 0.000356227 0.999996185 31.026357651
0.999986887 -0.003623480 0.003612855 -0.167266801 0.003626590 0.999993145 -0.000854482 -0.475070924 -0.003609734 0.000867573 0.999993026 32.408546448
0.999989092 -0.002481915 0.003957906 -0.177393898 0.002494855 0.999991536 -0.003267983 -0.496748745 -0.003949762 0.003277822 0.999986768 33.751911163
0.999991238 -0.001727879 0.003802660 -0.173845202 0.001737882 0.999995053 -0.002628854 -0.519313574 -0.003798099 0.002635440 0.999989271 35.143283844
0.999990523 -0.001653087 0.004032476 -0.196094334 0.001658681 0.999997675 -0.001384264 -0.544046402 -0.004030178 0.001390939 0.999990940 36.530776978
0.999992907 -0.000345238 0.003748483 -0.200992376 0.000344749 1.000000000 0.000131159 -0.566310823 -0.003748528 -0.000129865 0.999992967 37.931728363
0.999989986 0.002489721 0.003712525 -0.210904792 -0.002492555 0.999996603 0.000758822 -0.595678449 -0.003710623 -0.000768068 0.999992847 39.317592621
0.999977589 0.005170547 0.004237665 -0.226207405 -0.005171259 0.999986649 0.000157195 -0.613756955 -0.004236795 -0.000179106 0.999991059 40.703994751
0.999969244 0.006900953 0.003710310 -0.229656845 -0.006903579 0.999975920 0.000695342 -0.638283432 -0.003705422 -0.000720936 0.999992847 42.114639282
0.999964416 0.007805062 0.003180507 -0.230915964 -0.007806539 0.999969423 0.000452026 -0.655005932 -0.003176881 -0.000476839 0.999994814 43.516510010
0.999970257 0.007068326 0.003091582 -0.245488331 -0.007069963 0.999974787 0.000519204 -0.678689420 -0.003087834 -0.000541046 0.999995112 44.910591125
0.999979496 0.006065942 0.002086279 -0.241987944 -0.006066035 0.999981582 0.000038446 -0.697722316 -0.002086008 -0.000051100 0.999997854 46.313972473
0.999986053 0.005152879 0.001163013 -0.249518007 -0.005153498 0.999986589 0.000530095 -0.721223354 -0.001160266 -0.000536081 0.999999166 47.719566345
0.999985218 0.005431414 -0.000133473 -0.251503617 -0.005431212 0.999984205 0.001470382 -0.738241553 0.000141457 -0.001469635 0.999998927 49.144557953
0.999983907 0.005561862 -0.001159967 -0.266670346 -0.005560280 0.999983668 0.001362615 -0.764168501 0.001167527 -0.001356144 0.999998391 50.559642792
0.999980032 0.005941004 -0.002156289 -0.283517212 -0.005936994 0.999980628 0.001860744 -0.786424637 0.002167301 -0.001847905 0.999995887 51.982307434
0.999978244 0.005542506 -0.003580388 -0.295191884 -0.005531165 0.999979615 0.003169642 -0.810835898 0.003597883 -0.003149769 0.999988556 53.399093628
0.999979854 0.004972507 -0.003938031 -0.302505493 -0.004958097 0.999980986 0.003660787 -0.828053951 0.003956159 -0.003641188 0.999985516 54.871013641
0.999982834 0.003384629 -0.004780438 -0.308333665 -0.003365725 0.999986529 0.003957173 -0.846536219 0.004793767 -0.003941016 0.999980688 56.319046021
0.999986351 0.001165567 -0.005097975 -0.325643510 -0.001150024 0.999994814 0.003050635 -0.864143074 0.005101503 -0.003044731 0.999982357 57.750022888
0.999983191 -0.000393201 -0.005802487 -0.332923084 0.000415120 0.999992847 0.003776732 -0.888458490 0.005800961 -0.003779077 0.999976099 59.173130035
0.999987245 -0.001523132 -0.004810859 -0.347612351 0.001544096 0.999989271 0.004356892 -0.907724321 0.004804172 -0.004364265 0.999978960 60.605262756
0.999987721 -0.002502782 -0.004266608 -0.357577831 0.002522526 0.999986112 0.004628425 -0.920955718 0.004254966 -0.004639131 0.999980152 62.039344788
0.999986827 -0.003738411 -0.003494957 -0.382016778 0.003755083 0.999981463 0.004776036 -0.953923702 0.003477038 -0.004789098 0.999982476 63.418975830
0.999984801 -0.004816416 -0.002671273 -0.397034824 0.004826277 0.999981463 0.003697286 -0.967937827 0.002653416 -0.003710122 0.999989629 64.833152771
0.999987543 -0.004350743 -0.002505048 -0.399812788 0.004359199 0.999984801 0.003379998 -0.992874503 0.002490304 -0.003390875 0.999991179 66.255897522
0.999993503 -0.003348819 -0.001373117 -0.412414521 0.003353550 0.999988377 0.003458082 -1.011642337 0.001361520 -0.003462664 0.999993086 67.685424805
0.999999404 -0.000095346 -0.001081720 -0.428813636 0.000100562 0.999988377 0.004822461 -1.032970667 0.001081248 -0.004822567 0.999987781 69.085914612
0.999994874 0.003181434 -0.000059454 -0.446241587 -0.003181019 0.999976933 0.006011239 -1.050540328 0.000078577 -0.006011019 0.999981880 70.472938538
0.999978006 0.006616804 0.000339254 -0.449385226 -0.006618882 0.999956667 0.006545028 -1.072130442 -0.000295932 -0.006547130 0.999978483 71.868125916
0.999944448 0.010518093 0.000765711 -0.464371860 -0.010522711 0.999924779 0.006298958 -1.089864016 -0.000699401 -0.006306665 0.999979913 73.261062622
0.999898612 0.014118362 0.001807177 -0.484631658 -0.014128176 0.999884844 0.005538626 -1.105315447 -0.001728773 -0.005563598 0.999982953 74.665092468
0.999871194 0.015861917 0.002433249 -0.491990805 -0.015874708 0.999859750 0.005331520 -1.122738123 -0.002348339 -0.005369460 0.999982774 76.057685852
0.999873519 0.015687125 0.002560304 -0.494666368 -0.015701335 0.999860883 0.005627925 -1.136935711 -0.002471662 -0.005667414 0.999980807 77.473289490
0.999879718 0.015238688 0.002878680 -0.514122248 -0.015253965 0.999869287 0.005362033 -1.160593152 -0.002796593 -0.005405300 0.999981463 78.871856689
0.999900043 0.013907457 0.002551548 -0.511587799 -0.013918691 0.999893248 0.004439479 -1.176647425 -0.002489533 -0.004474549 0.999986887 80.261856079
0.999903142 0.013702818 0.002412762 -0.517612815 -0.013713473 0.999896049 0.004455567 -1.196406603 -0.002351457 -0.004488222 0.999987185 81.614128113
0.999909282 0.013350718 0.001778943 -0.514400721 -0.013359084 0.999899387 0.004775595 -1.217629552 -0.001715007 -0.004798928 0.999987006 83.014862061
0.999913812 0.013092216 0.000986141 -0.507960737 -0.013096235 0.999905407 0.004182756 -1.234552383 -0.000931286 -0.004195311 0.999990702 84.369338989
0.999917507 0.012833083 0.000534729 -0.525494754 -0.012835470 0.999906421 0.004730715 -1.250800848 -0.000473970 -0.004737189 0.999988616 85.723030090
0.999923170 0.012378118 -0.000647934 -0.531446099 -0.012374498 0.999909222 0.005322540 -1.269661903 0.000713758 -0.005314114 0.999985635 87.108718872
0.999948442 0.010032814 -0.001586011 -0.547462702 -0.010022818 0.999930620 0.006188481 -1.282054186 0.001647989 -0.006172266 0.999979615 88.515449524
0.999964118 0.007826633 -0.003232584 -0.541206658 -0.007803646 0.999944627 0.007062982 -1.311035395 0.003287684 -0.007037502 0.999969840 89.837326050
0.999975801 0.005662544 -0.004076362 -0.554703116 -0.005633458 0.999958813 0.007111639 -1.326446176 0.004116465 -0.007088502 0.999966323 91.202651978
0.999975979 0.004867144 -0.004924412 -0.560590744 -0.004835158 0.999967277 0.006486773 -1.342109442 0.004955823 -0.006462808 0.999966919 92.569869995
0.999984145 0.003257092 -0.004598274 -0.581880808 -0.003227849 0.999974608 0.006352461 -1.366144657 0.004618848 -0.006337520 0.999969244 93.886161804
0.999980271 0.003613758 -0.005147639 -0.591412067 -0.003583898 0.999976754 0.005798308 -1.383492470 0.005168474 -0.005779745 0.999969900 95.261207581
0.999981105 0.004033901 -0.004632200 -0.611561656 -0.004010883 0.999979615 0.004967858 -1.396084309 0.004652144 -0.004949185 0.999976933 96.628623962
0.999979258 0.004289932 -0.004801873 -0.623435676 -0.004267757 0.999980211 0.004618442 -1.419310451 0.004821590 -0.004597853 0.999977827 97.962905884
0.999979377 0.005400022 -0.003457484 -0.673847377 -0.005383102 0.999973536 0.004884432 -1.436857700 0.003483769 -0.004865719 0.999982119 99.244895935
0.999977112 0.005983275 -0.003153502 -0.690257788 -0.005962884 0.999961555 0.006436236 -1.454709888 0.003191890 -0.006417285 0.999974310 100.573913574
0.999969184 0.007156556 -0.003235984 -0.706447303 -0.007131801 0.999945700 0.007598355 -1.471168280 0.003290187 -0.007575042 0.999965847 101.910552979
0.999974370 0.006623044 -0.002738855 -0.721452355 -0.006605433 0.999957800 0.006389895 -1.487320185 0.002781060 -0.006371639 0.999975801 103.237228394
0.999973118 0.006742700 -0.002873238 -0.736186743 -0.006731512 0.999969721 0.003885751 -1.508010745 0.002899351 -0.003866306 0.999988317 104.555480957
0.999975264 0.006320514 -0.003071100 -0.744375467 -0.006313328 0.999977291 0.002343232 -1.518732190 0.003085841 -0.002323785 0.999992549 105.902397156
0.999989927 0.003294819 -0.003036363 -0.760803878 -0.003282556 0.999986470 0.004034779 -1.547001839 0.003049616 -0.004024772 0.999987185 107.220741272
0.999996364 0.000907778 -0.002515242 -0.771211088 -0.000892814 0.999981940 0.005944030 -1.562524319 0.002520592 -0.005941763 0.999979138 108.560066223
0.999998808 0.000181884 -0.001529190 -0.775952220 -0.000172434 0.999980927 0.006177193 -1.574747324 0.001530285 -0.006176922 0.999979734 109.906600952
0.999998868 -0.001079174 -0.001011836 -0.780119777 0.001084259 0.999986768 0.005038867 -1.593846083 0.001006385 -0.005039958 0.999986708 111.223655701
0.999999344 0.001150363 0.000022311 -0.798375309 -0.001150421 0.999995410 0.002800843 -1.615887642 -0.000019089 -0.002800866 0.999996066 112.546470642
0.999993980 0.003126892 0.001484703 -0.809262037 -0.003128018 0.999994874 0.000757205 -1.635725141 -0.001482328 -0.000761844 0.999998569 113.887184143
0.999972582 0.006741288 0.003036698 -0.824874103 -0.006742935 0.999977112 0.000532461 -1.655175686 -0.003033039 -0.000552922 0.999995172 115.178031921
0.999958992 0.007960517 0.004300443 -0.827218950 -0.007970929 0.999965250 0.002409455 -1.672641039 -0.004281114 -0.002443635 0.999987781 116.533653259
0.999955058 0.007629240 0.005625829 -0.835721850 -0.007656642 0.999958813 0.004865593 -1.696917534 -0.005588476 -0.004908450 0.999972343 117.854904175
0.999950588 0.007211278 0.006844251 -0.838840187 -0.007247041 0.999960124 0.005214931 -1.710877657 -0.006806372 -0.005264273 0.999962986 119.192253113
0.999943554 0.007713836 0.007308798 -0.830099940 -0.007747731 0.999959290 0.004620754 -1.725319386 -0.007272857 -0.004677122 0.999962568 120.544487000
0.999918878 0.009169155 0.008837698 -0.827958345 -0.009207263 0.999948442 0.004281072 -1.743501425 -0.008797988 -0.004362097 0.999951839 121.889045715
0.999885798 0.011375123 0.009946828 -0.828967214 -0.011413189 0.999927700 0.003778563 -1.758977413 -0.009903128 -0.003891657 0.999943316 123.240371704
0.999864638 0.012119215 0.011124385 -0.824120998 -0.012151730 0.999921978 0.002859805 -1.775603652 -0.011088857 -0.002994598 0.999934018 124.584037781
0.999833107 0.013621666 0.012173018 -0.822437048 -0.013646327 0.999904990 0.001944943 -1.797744036 -0.012145367 -0.002110734 0.999923944 125.923210144
0.999832630 0.012701893 0.013161302 -0.813480854 -0.012724170 0.999917865 0.001610296 -1.812508106 -0.013139765 -0.001777493 0.999912024 127.272781372
0.999832153 0.012008810 0.013836354 -0.799327016 -0.012052569 0.999922574 0.003083311 -1.837699652 -0.013798256 -0.003249557 0.999899507 128.626510620
0.999840021 0.010508798 0.014473110 -0.785149932 -0.010564243 0.999937117 0.003759814 -1.856107831 -0.014432689 -0.003912111 0.999888122 129.955673218
0.999834180 0.010080823 0.015166305 -0.779593349 -0.010143446 0.999940336 0.004057860 -1.869263291 -0.015124493 -0.004211025 0.999876738 131.338455200
0.999858558 0.007558586 0.015023419 -0.762453079 -0.007619852 0.999962807 0.004024996 -1.880408525 -0.014992437 -0.004138903 0.999879003 132.697219849
0.999869347 0.006380851 0.014851110 -0.749268293 -0.006452828 0.999967635 0.004803716 -1.902220607 -0.014819978 -0.004898920 0.999878168 134.088165283
0.999885678 0.004699270 0.014367458 -0.740069389 -0.004765386 0.999978125 0.004570975 -1.919814467 -0.014345665 -0.004638919 0.999886334 135.436172485
0.999911010 0.003299322 0.012924532 -0.725443482 -0.003355544 0.999984980 0.004330757 -1.933044910 -0.012910048 -0.004373741 0.999907017 136.782714844
0.999931157 0.001824827 0.011589624 -0.711254120 -0.001882387 0.999986053 0.004957567 -1.945803165 -0.011580412 -0.004979043 0.999920547 138.135681152
0.999942899 0.000119544 0.010678244 -0.704630733 -0.000180329 0.999983788 0.005691587 -1.973303080 -0.010677390 -0.005693188 0.999926805 139.470291138
0.999955416 -0.000298400 0.009437053 -0.701259494 0.000246861 0.999985039 0.005462064 -1.986989021 -0.009438541 -0.005459491 0.999940574 140.801513672
0.999965250 -0.000609954 0.008315375 -0.694461346 0.000569023 0.999987662 0.004923778 -2.003757477 -0.008318277 -0.004918874 0.999953270 142.148468018
0.999974310 -0.000591956 0.007146552 -0.692294478 0.000558200 0.999988616 0.004724511 -2.021709919 -0.007149267 -0.004720400 0.999963343 143.482849121
0.999976695 -0.002832252 0.006212394 -0.682499945 0.002818333 0.999993503 0.002248300 -2.041782856 -0.006218722 -0.002230739 0.999978125 144.823043823
0.999951720 -0.008277926 0.005297839 -0.677348733 0.008267748 0.999963939 0.001940012 -2.061549902 -0.005313707 -0.001896117 0.999984086 146.172988892
0.999868453 -0.015643056 0.004284747 -0.668054938 0.015625166 0.999869108 0.004177342 -2.081496000 -0.004349533 -0.004109843 0.999982119 147.516494751
0.999742806 -0.022511421 0.002767683 -0.660758018 0.022496598 0.999732971 0.005273965 -2.094233036 -0.002885669 -0.005210345 0.999982238 148.848541260
0.999659717 -0.026032327 0.001650468 -0.648019552 0.026029028 0.999659240 0.001988170 -2.113530159 -0.001701662 -0.001944534 0.999996662 150.197906494
0.999681234 -0.025151022 0.002214468 -0.665444732 0.025153130 0.999683321 -0.000929107 -2.139162302 -0.002190398 0.000984512 0.999997139 151.506332397
0.999762058 -0.021634512 0.002764671 -0.671529174 0.021643072 0.999760926 -0.003103418 -2.163738489 -0.002696869 0.003162515 0.999991417 152.827346802
0.999753654 -0.021881187 0.003708025 -0.671152830 0.021892749 0.999755502 -0.003105109 -2.186068535 -0.003639174 0.003185522 0.999988317 154.198883057
0.999677122 -0.025016135 0.004444214 -0.675640881 0.025015494 0.999687076 0.000200106 -2.209391117 -0.004447828 -0.000088867 0.999990106 155.541412354
0.999531627 -0.030216599 0.004825686 -0.665423036 0.030202417 0.999539316 0.002985451 -2.232156515 -0.004913673 -0.002838306 0.999983907 156.896011353
0.999403417 -0.034199834 0.004816149 -0.660591781 0.034178305 0.999405622 0.004482715 -2.252135277 -0.004966595 -0.004315434 0.999978364 158.224334717
0.999347687 -0.035815693 0.004634509 -0.648721576 0.035795882 0.999350071 0.004287352 -2.270444155 -0.004785051 -0.004118659 0.999980032 159.573822021
0.999408662 -0.033886831 0.005829954 -0.652815938 0.033857487 0.999413848 0.005060294 -2.286644459 -0.005998014 -0.004859913 0.999970198 160.914077759
0.999537468 -0.029733289 0.006397465 -0.641585469 0.029705217 0.999548912 0.004439346 -2.310066223 -0.006526574 -0.004247253 0.999969721 162.280471802
0.999598503 -0.027166368 0.008049121 -0.666620851 0.027146852 0.999628186 0.002523957 -2.330738306 -0.008114698 -0.002304435 0.999964416 163.594100952
0.999675691 -0.023840226 0.008949548 -0.663600802 0.023825724 0.999714553 0.001723774 -2.346177816 -0.008988089 -0.001509986 0.999958456 164.942947388
0.999730706 -0.021245388 0.009326014 -0.667209744 0.021221509 0.999771297 0.002651856 -2.362293482 -0.009380220 -0.002453230 0.999952912 166.294113159
0.999769568 -0.019665653 0.008602217 -0.650188327 0.019645924 0.999804318 0.002372312 -2.387540579 -0.008647186 -0.002202767 0.999960124 167.663223267
0.999813139 -0.017386565 0.008448858 -0.651473999 0.017389417 0.999848783 -0.000264695 -2.404803514 -0.008442976 0.000411567 0.999964297 169.010711670
0.999877036 -0.013561208 0.007864358 -0.649885416 0.013584928 0.999903381 -0.002971200 -2.424568653 -0.007823304 0.003077671 0.999964714 170.364715576
0.999938726 -0.007697998 0.007945261 -0.657932401 0.007732122 0.999960899 -0.004273185 -2.454875469 -0.007912054 0.004334356 0.999959230 171.714981079
0.999960780 -0.003365021 0.008195370 -0.656793237 0.003390797 0.999989331 -0.003133383 -2.481897831 -0.008184739 0.003161049 0.999961495 173.090545654
0.999961138 -0.000661966 0.008791844 -0.661943674 0.000671051 0.999999166 -0.001030412 -2.508849382 -0.008791153 0.001036272 0.999960840 174.449844360
0.999960363 0.000606484 0.008880548 -0.661104202 -0.000614476 0.999999285 0.000897345 -2.526936531 -0.008879997 -0.000902766 0.999960184 175.825881958
0.999961853 -0.002581012 0.008344504 -0.663483024 0.002565452 0.999994934 0.001874720 -2.547285557 -0.008349301 -0.001853241 0.999963343 177.186203003
0.999970555 -0.004730809 0.006043882 -0.648530364 0.004719594 0.999987066 0.001868550 -2.563174725 -0.006052644 -0.001839970 0.999979913 178.574905396
0.999982357 -0.003931952 0.004457086 -0.650725126 0.003944091 0.999988556 -0.002718383 -2.583357573 -0.004446347 0.002735914 0.999986291 179.966049194
0.999993086 -0.002424686 0.002835267 -0.647742271 0.002444347 0.999972820 -0.006951602 -2.608935356 -0.002818335 0.006958484 0.999971747 181.359603882
0.999994278 0.002507834 0.002267793 -0.651579857 -0.002490853 0.999969065 -0.007460080 -2.642645836 -0.002286432 0.007454389 0.999969602 182.757095337
0.999981105 0.005828418 0.001960200 -0.662250876 -0.005815279 0.999961019 -0.006642079 -2.671372414 -0.001998837 0.006630556 0.999976039 184.151794434
0.999965668 0.007944819 0.002319749 -0.676215529 -0.007937713 0.999963820 -0.003056122 -2.705353260 -0.002343944 0.003037604 0.999992669 185.534240723
0.999958336 0.008747742 0.002574335 -0.679155350 -0.008745472 0.999961376 -0.000891012 -2.731654882 -0.002582030 0.000868461 0.999996305 186.926544189
0.999964476 0.008095565 0.002357385 -0.677365303 -0.008094822 0.999967098 -0.000325166 -2.745139837 -0.002359940 0.000306072 0.999997199 188.353759766
0.999978840 0.006006470 0.002463611 -0.683177114 -0.006007166 0.999981940 0.000275539 -2.768116951 -0.002461911 -0.000290332 0.999996841 189.779922485
0.999990940 0.003260459 0.002705459 -0.687133849 -0.003263529 0.999994040 0.001131239 -2.795191288 -0.002701754 -0.001140058 0.999995708 191.209136963
0.999995828 0.000254231 0.002847838 -0.688498914 -0.000256943 0.999999642 0.000952166 -2.812860489 -0.002847595 -0.000952894 0.999995410 192.635787964
0.999992013 -0.002841236 0.002815290 -0.680604279 0.002835541 0.999993861 0.002024882 -2.833114147 -0.002821026 -0.002016883 0.999993980 194.055526733
0.999966741 -0.007364811 0.003515850 -0.683830738 0.007351535 0.999965847 0.003773938 -2.854754210 -0.003543525 -0.003747966 0.999986649 195.482467651
0.999933004 -0.011080493 0.003352250 -0.665035844 0.011066921 0.999930620 0.004040370 -2.884692669 -0.003396787 -0.004003000 0.999986231 196.930572510
0.999960124 -0.007896890 0.004204507 -0.682926238 0.007900266 0.999968410 -0.000786950 -2.896001816 -0.004198159 0.000820135 0.999990821 198.352645874
0.999990046 -0.001356224 0.004246051 -0.685189784 0.001379771 0.999983668 -0.005547879 -2.922067404 -0.004238458 0.005553683 0.999975681 199.768005371
0.999939203 0.009055380 0.006284435 -0.719223738 -0.009019244 0.999942780 -0.005754563 -2.952507734 -0.006336185 0.005697533 0.999963641 201.189437866
0.999841034 0.016362907 0.007077646 -0.729846001 -0.016346583 0.999863625 -0.002358278 -2.975974083 -0.007115268 0.002242208 0.999972165 202.619644165
0.999826193 0.016696909 0.008310025 -0.739792943 -0.016701765 0.999860406 0.000515017 -3.013601303 -0.008300266 -0.000653719 0.999965310 204.044342041
0.999863505 0.014572071 0.007789927 -0.736187816 -0.014580837 0.999893069 0.001069480 -3.034827709 -0.007773511 -0.001182917 0.999969065 205.478958130
0.999915540 0.011340817 0.006337709 -0.728337526 -0.011346924 0.999935329 0.000928613 -3.056911469 -0.006326766 -0.001000448 0.999979496 206.943634033
0.999934196 0.009765555 0.006009561 -0.735753536 -0.009768127 0.999952197 0.000398447 -3.075955868 -0.006005382 -0.000457123 0.999981821 208.394058228
0.999935925 0.009987344 0.005325464 -0.718340397 -0.009986970 0.999950171 -0.000096613 -3.099576950 -0.005326163 0.000043422 0.999985874 209.901824951
0.999930382 0.010955327 0.004389204 -0.710685849 -0.010957378 0.999939799 0.000443684 -3.133387804 -0.004384079 -0.000491747 0.999990284 211.363601685
0.999923170 0.011678453 0.004146344 -0.709346592 -0.011682248 0.999931395 0.000892334 -3.153473616 -0.004135638 -0.000940704 0.999991059 212.818664551
0.999925256 0.011475745 0.004201620 -0.720967293 -0.011479195 0.999933779 0.000798257 -3.179503918 -0.004192182 -0.000846429 0.999990880 214.312576294
0.999926925 0.011408514 0.004008779 -0.726330817 -0.011407124 0.999934912 -0.000369641 -3.204068184 -0.004012736 0.000323885 0.999991894 215.776443481
0.999934196 0.010778657 0.003926060 -0.733677745 -0.010775011 0.999941528 -0.000948344 -3.217805624 -0.003936051 0.000905979 0.999991834 217.200988770
0.999930739 0.011170422 0.003704564 -0.742458165 -0.011167332 0.999937296 -0.000853254 -3.244418859 -0.003713863 0.000811825 0.999992788 218.674285889
0.999922335 0.011844031 0.003857814 -0.754945338 -0.011840113 0.999929309 -0.001036494 -3.269780159 -0.003869817 0.000990736 0.999991953 220.147537231
0.999923050 0.011908868 0.003467428 -0.756720424 -0.011904027 0.999928057 -0.001413176 -3.293492079 -0.003484008 0.001371791 0.999992967 221.638900757
0.999916613 0.012516791 0.003169157 -0.771820068 -0.012512570 0.999920726 -0.001348924 -3.322642326 -0.003185790 0.001309157 0.999994040 223.090591431
0.999917507 0.012499097 0.002934855 -0.776523709 -0.012494812 0.999920785 -0.001474155 -3.347773790 -0.002953048 0.001437363 0.999994636 224.568618774
0.999909997 0.013064912 0.003034126 -0.797986805 -0.013059674 0.999913216 -0.001740263 -3.366120815 -0.003056600 0.001700482 0.999993801 226.044967651
0.999921978 0.012103246 0.003087368 -0.803556263 -0.012097025 0.999924839 -0.002025805 -3.388505459 -0.003111654 0.001988299 0.999993145 227.543426514
0.999941707 0.010405819 0.002851520 -0.803479135 -0.010401245 0.999944627 -0.001613957 -3.426778793 -0.002868156 0.001584203 0.999994636 229.043304443
0.999954224 0.009164188 0.002738255 -0.807042301 -0.009161646 0.999957561 -0.000938750 -3.458099365 -0.002746741 0.000913620 0.999995828 230.538787842
0.999961555 0.008032283 0.003518627 -0.818561077 -0.008029774 0.999967515 -0.000727052 -3.473584414 -0.003524352 0.000698770 0.999993563 232.037948608
0.999960601 0.008164181 0.003482017 -0.821682811 -0.008162502 0.999966562 -0.000496124 -3.498968124 -0.003485951 0.000467682 0.999993801 233.542373657
0.999958158 0.008490704 0.003399685 -0.829790950 -0.008488728 0.999963820 -0.000595454 -3.532296181 -0.003404618 0.000566571 0.999994040 235.046234131
0.999953270 0.008937377 0.003679092 -0.832134008 -0.008933969 0.999959588 -0.000941690 -3.562221289 -0.003687359 0.000908777 0.999992788 236.557861328
0.999938548 0.010316444 0.004072718 -0.837411582 -0.010314671 0.999946654 -0.000456317 -3.583793402 -0.004077208 0.000414280 0.999991596 238.055404663
0.999926925 0.011040379 0.004927082 -0.848389030 -0.011047407 0.999938011 0.001401436 -3.609957695 -0.004911304 -0.001455765 0.999986827 239.561981201
0.999925137 0.010809099 0.005747040 -0.851459622 -0.010820877 0.999939442 0.002022238 -3.634204149 -0.005724834 -0.002084275 0.999981463 241.074600220
0.999920905 0.011032166 0.006042441 -0.852121472 -0.011035524 0.999938965 0.000522172 -3.653979063 -0.006036310 -0.000588812 0.999981582 242.565505981
0.999914825 0.011318804 0.006507065 -0.846884251 -0.011313041 0.999935627 -0.000921913 -3.675595284 -0.006517080 0.000848219 0.999978423 244.078598022
0.999915838 0.011223475 0.006502584 -0.835472345 -0.011224837 0.999936998 0.000173021 -3.709697247 -0.006500232 -0.000245997 0.999978781 245.627899170
0.999919116 0.011006347 0.006371496 -0.832817197 -0.011012764 0.999938905 0.000972931 -3.731831074 -0.006360398 -0.001043020 0.999979258 247.168823242
0.999914467 0.011610989 0.006022154 -0.826259375 -0.011617079 0.999932110 0.000977414 -3.751837015 -0.006010397 -0.001047291 0.999981344 248.697387695
0.999916911 0.011446950 0.005925030 -0.824649215 -0.011458401 0.999932528 0.001902571 -3.785905600 -0.005902852 -0.001970305 0.999980628 250.245574951
0.999896169 0.012832515 0.006561271 -0.827704549 -0.012846642 0.999915183 0.002115632 -3.807294130 -0.006533568 -0.002199702 0.999976218 251.786544800
0.999864578 0.015018825 0.006724672 -0.835526347 -0.015030866 0.999885440 0.001743507 -3.828742743 -0.006697718 -0.001844349 0.999975860 253.344787598
0.999858260 0.015305182 0.007013583 -0.834602356 -0.015318931 0.999880731 0.001910854 -3.846868992 -0.006983500 -0.002018024 0.999973655 254.891357422
0.999882877 0.013592966 0.007037170 -0.842502713 -0.013608576 0.999905050 0.002174917 -3.870167971 -0.007006937 -0.002270428 0.999972880 256.442596436
0.999904335 0.012028769 0.006837217 -0.833843231 -0.012049004 0.999923170 0.002926195 -3.891780138 -0.006801493 -0.003008297 0.999972343 257.973419189
0.999925137 0.009628585 0.007548436 -0.842749238 -0.009655694 0.999947011 0.003563312 -3.910091400 -0.007513727 -0.003635931 0.999965191 259.497497559
0.999927580 0.009567279 0.007293337 -0.839344501 -0.009584552 0.999951363 0.002337062 -3.924263000 -0.007270622 -0.002406796 0.999970615 261.024108887
0.999942183 0.008327892 0.006790012 -0.834238648 -0.008336487 0.999964535 0.001238598 -3.943722486 -0.006779455 -0.001295131 0.999976158 262.575836182
0.999955535 0.006358117 0.006957631 -0.814212084 -0.006378459 0.999975443 0.002905575 -3.969335079 -0.006938986 -0.002949825 0.999971569 264.147857666
0.999960184 0.004176102 0.007882495 -0.816100121 -0.004213781 0.999979794 0.004769759 -3.990355015 -0.007862417 -0.004802784 0.999957502 265.695648193
0.999968946 0.003610000 0.007005304 -0.797146320 -0.003634567 0.999987304 0.003497372 -4.004982471 -0.006992589 -0.003522724 0.999969304 267.283935547
0.999968350 0.003332017 0.007221942 -0.785986662 -0.003350946 0.999991000 0.002610531 -4.024111748 -0.007213179 -0.002634650 0.999970496 268.828155518
0.999961555 0.003628479 0.007981013 -0.781132698 -0.003645824 0.999990940 0.002159816 -4.048392296 -0.007973106 -0.002188830 0.999965787 270.356628418
0.999943316 0.005474908 0.009129624 -0.781156063 -0.005496113 0.999982238 0.002299159 -4.073845863 -0.009116875 -0.002349207 0.999955654 271.884735107
0.999927759 0.007428457 0.009449186 -0.777750969 -0.007443284 0.999971211 0.001534977 -4.092226505 -0.009437511 -0.001605200 0.999954164 273.418334961
0.999915898 0.008273454 0.009988861 -0.764351606 -0.008291409 0.999964058 0.001757439 -4.120507717 -0.009973962 -0.001840113 0.999948561 274.977752686
0.999893606 0.010008517 0.010625556 -0.756696463 -0.010014893 0.999949694 0.000546772 -4.133510113 -0.010619549 -0.000653127 0.999943316 276.509399414
0.999886632 0.010360796 0.010927182 -0.747495413 -0.010358572 0.999946237 -0.000260170 -4.160482407 -0.010929288 0.000146950 0.999940276 278.057708740
0.999881744 0.009344776 0.012214437 -0.737504959 -0.009343424 0.999956250 -0.000167811 -4.192700386 -0.012215470 0.000053666 0.999925375 279.597351074
0.999875188 0.009023811 0.012970361 -0.719652414 -0.009024038 0.999959290 -0.000040978 -4.215514183 -0.012970203 -0.000076072 0.999915898 281.153442383
0.999877870 0.007985760 0.013432889 -0.701758385 -0.008000409 0.999967456 0.001037221 -4.241767883 -0.013424170 -0.001144563 0.999909222 282.743347168
0.999887645 0.006411962 0.013549034 -0.676043034 -0.006427106 0.999978781 0.001074497 -4.268037319 -0.013541857 -0.001161457 0.999907553 284.270782471
0.999891400 0.006220198 0.013359581 -0.655391932 -0.006202919 0.999979794 -0.001334472 -4.295810223 -0.013367613 0.001251459 0.999909878 285.835998535
0.999903560 0.004771559 0.013039143 -0.638883352 -0.004723676 0.999981940 -0.003700658 -4.320884228 -0.013056568 0.003638709 0.999908149 287.400665283
0.999916792 0.005046823 0.011870922 -0.614586592 -0.005001896 0.999980152 -0.003811203 -4.351454258 -0.011889923 0.003751509 0.999922276 288.956665039
0.999930620 0.003963816 0.011093286 -0.603110075 -0.003923421 0.999985516 -0.003660772 -4.379492760 -0.011107636 0.003616995 0.999931693 290.508911133
0.999941468 0.003986888 0.010054402 -0.598588467 -0.003944114 0.999983072 -0.004270389 -4.408272743 -0.010071257 0.004230484 0.999940276 292.055389404
0.999946356 0.003770818 0.009647357 -0.586366415 -0.003726083 0.999982238 -0.004650886 -4.441630363 -0.009664724 0.004614690 0.999942660 293.638000488
0.999958098 0.003730254 0.008363079 -0.568702936 -0.003695108 0.999984324 -0.004213870 -4.474124908 -0.008378666 0.004182791 0.999956071 295.219512939
0.999963760 0.003439097 0.007787833 -0.567061186 -0.003409798 0.999987006 -0.003772164 -4.511521339 -0.007800703 0.003745472 0.999962568 296.785614014
0.999975979 0.002880641 0.006307653 -0.558799982 -0.002865934 0.999993086 -0.002339509 -4.545741081 -0.006314349 0.002321376 0.999977291 298.348602295
0.999974012 0.004286887 0.005784227 -0.562132716 -0.004279704 0.999989986 -0.001253726 -4.564901352 -0.005789544 0.001228939 0.999982476 299.928924561
0.999969184 0.004332992 0.006542596 -0.554543376 -0.004323716 0.999989629 -0.001431315 -4.585272789 -0.006548731 0.001402983 0.999977589 301.513153076
0.999962568 0.004983763 0.007061222 -0.546362162 -0.004973632 0.999986589 -0.001451627 -4.616774082 -0.007068362 0.001416452 0.999974012 303.114044189
0.999963164 0.003676742 0.007755367 -0.547747850 -0.003661298 0.999991298 -0.002004696 -4.639463902 -0.007762669 0.001976228 0.999967933 304.689819336
0.999969661 0.001656553 0.007610170 -0.531358719 -0.001637624 0.999995470 -0.002492878 -4.676127911 -0.007614267 0.002480339 0.999967933 306.269500732
0.999964356 0.000614589 0.008418554 -0.531196833 -0.000572834 0.999987543 -0.004961343 -4.696407795 -0.008421496 0.004956346 0.999952257 307.847869873
0.999967217 0.000173359 0.008084928 -0.521350384 -0.000126043 0.999983013 -0.005852455 -4.730111122 -0.008085804 0.005851245 0.999950111 309.442626953
0.999982595 0.000779200 0.005839639 -0.521308303 -0.000739280 0.999976456 -0.006835074 -4.766008854 -0.005844829 0.006830638 0.999959588 311.052368164
0.999990165 0.002025830 0.003925798 -0.525443435 -0.002002020 0.999979556 -0.006059565 -4.797572136 -0.003937993 0.006051646 0.999973953 312.652130127
0.999989152 0.003002721 0.003548941 -0.528198004 -0.002992272 0.999991119 -0.002945850 -4.828302383 -0.003557755 0.002935200 0.999989390 314.282318115
0.999990940 0.001967376 0.003753198 -0.511366367 -0.001967626 0.999997973 0.000063084 -4.854617596 -0.003753066 -0.000070468 0.999992967 315.938323975
0.999992847 0.001073484 0.003610955 -0.508463383 -0.001076042 0.999999046 0.000706565 -4.877493858 -0.003610193 -0.000710445 0.999993205 317.566436768
0.999991655 -0.000453326 0.004043461 -0.509296298 0.000455786 0.999999642 -0.000607425 -4.900423527 -0.004043185 0.000609263 0.999991655 319.199218750
0.999989450 -0.001885924 0.004182062 -0.512108564 0.001886814 0.999998152 -0.000209004 -4.928613186 -0.004181660 0.000216892 0.999991298 320.810302734
0.999984860 -0.001252605 0.005343064 -0.540663362 0.001253118 0.999999225 -0.000092705 -4.951586246 -0.005342944 0.000099399 0.999985635 322.404815674
0.999980867 -0.001042738 0.006083698 -0.539991975 0.001045388 0.999999285 -0.000432356 -4.976800442 -0.006083244 0.000438708 0.999981403 324.031097412
0.999981880 -0.000215695 0.006018075 -0.535556078 0.000223766 0.999999166 -0.001340449 -5.005230904 -0.006017780 0.001341771 0.999980986 325.653381348
0.999972582 0.001529009 0.007247949 -0.541952133 -0.001514528 0.999996841 -0.002003033 -5.036090851 -0.007250989 0.001992001 0.999971747 327.256683350
0.999973893 -0.000035384 0.007227900 -0.525994539 0.000034801 0.999999940 0.000080764 -5.067228794 -0.007227902 -0.000080511 0.999973893 328.892883301
0.999969959 -0.001822644 0.007537422 -0.528901577 0.001812966 0.999997437 0.001290621 -5.097682953 -0.007539755 -0.001276917 0.999970675 330.509155273
0.999965489 -0.003407647 0.007579071 -0.518625975 0.003407613 0.999994218 0.000017399 -5.126637459 -0.007579087 0.000008428 0.999971271 332.143707275
0.999969959 -0.002676022 0.007283742 -0.505388498 0.002675566 0.999996483 0.000072370 -5.156135082 -0.007283910 -0.000052880 0.999973476 333.781158447
0.999975443 -0.000568028 0.006983032 -0.518481255 0.000579722 0.999998450 -0.001672733 -5.193493366 -0.006982070 0.001676740 0.999974132 335.380584717
0.999981165 0.000940370 0.006052664 -0.511874199 -0.000913018 0.999989390 -0.004520278 -5.224570274 -0.006056850 0.004514667 0.999971390 337.004974365
0.999981642 0.002284678 0.005596889 -0.520687819 -0.002262368 0.999989629 -0.003989140 -5.263895512 -0.005605944 0.003976406 0.999976397 338.587982178
0.999984205 0.003266094 0.004578442 -0.530664921 -0.003264492 0.999994695 -0.000357328 -5.296745300 -0.004579585 0.000342377 0.999989510 340.167205811
0.999986112 0.004354471 0.002969483 -0.522171021 -0.004362198 0.999987125 0.002600620 -5.330528736 -0.002958121 -0.002613537 0.999992192 341.788574219
0.999986053 0.004995879 0.001724896 -0.529783309 -0.004997498 0.999987006 0.000935865 -5.349618912 -0.001720198 -0.000944472 0.999998093 343.387207031
0.999989569 0.004574141 -0.000249766 -0.532698870 -0.004574347 0.999989271 -0.000828090 -5.376317024 0.000245975 0.000829224 0.999999642 344.975982666
0.999993980 0.002641770 -0.002247864 -0.525264263 -0.002640109 0.999996245 0.000741553 -5.407938480 0.002249815 -0.000735614 0.999997199 346.540283203
0.999992788 0.001334176 -0.003553198 -0.531575084 -0.001329940 0.999998391 0.001194254 -5.435619831 0.003554786 -0.001189519 0.999992967 348.134552002
0.999992371 0.000941198 -0.003795738 -0.552716672 -0.000939032 0.999999404 0.000572281 -5.461130142 0.003796275 -0.000568713 0.999992549 349.706329346
0.999991715 -0.000003927 -0.004064850 -0.561227381 0.000001012 0.999999762 -0.000717098 -5.482912540 0.004064852 0.000717088 0.999991477 351.312713623
0.999990523 -0.000360668 -0.004344395 -0.570598960 0.000357008 0.999999583 -0.000843209 -5.508629799 0.004344698 0.000841650 0.999990225 352.910095215
0.999988854 -0.001399255 -0.004518938 -0.582378387 0.001394286 0.999998391 -0.001102664 -5.535224438 0.004520474 0.001096351 0.999989212 354.499084473
0.999989450 -0.001853937 -0.004196931 -0.599660277 0.001847655 0.999997079 -0.001500128 -5.569576740 0.004199700 0.001492358 0.999990046 356.085601807
0.999989629 -0.001748679 -0.004197057 -0.616105139 0.001739047 0.999995828 -0.002297774 -5.598413467 0.004201058 0.002290452 0.999988556 357.691528320
0.999987841 -0.002431086 -0.004300322 -0.627974510 0.002422079 0.999994874 -0.002098646 -5.626665592 0.004305402 0.002088204 0.999988556 359.278533936
0.999987841 -0.002346979 -0.004330619 -0.636997879 0.002333050 0.999992073 -0.003218403 -5.647070885 0.004338139 0.003208262 0.999985456 360.912933350
0.999984145 -0.003769221 -0.004189932 -0.649895847 0.003749798 0.999982238 -0.004634209 -5.679509163 0.004207326 0.004618424 0.999980509 362.502075195
0.999976575 -0.005352572 -0.004295116 -0.658224344 0.005340539 0.999981821 -0.002808097 -5.710587025 0.004310069 0.002785093 0.999986827 364.107849121
0.999960542 -0.007300035 -0.005060273 -0.656782150 0.007289436 0.999971151 -0.002109720 -5.740401268 0.005075529 0.002072750 0.999984980 365.702758789
0.999963284 -0.007179894 -0.004683814 -0.663897634 0.007166318 0.999970019 -0.002908716 -5.775944710 0.004704558 0.002875043 0.999984801 367.305938721
0.999974608 -0.005743593 -0.004225687 -0.685921073 0.005727752 0.999976575 -0.003751384 -5.798955441 0.004247135 0.003727085 0.999984026 368.919219971
0.999980688 -0.005076554 -0.003587379 -0.707003415 0.005068847 0.999984860 -0.002153929 -5.850101471 0.003598259 0.002135704 0.999991238 370.505065918
0.999988973 -0.003474116 -0.003150355 -0.722470462 0.003469638 0.999993026 -0.001425629 -5.875368118 0.003155285 0.001414682 0.999994040 372.112152100
0.999986529 -0.004377050 -0.002784547 -0.730797112 0.004373327 0.999989510 -0.001341620 -5.917392254 0.002790390 0.001329424 0.999995232 373.712585449
0.999988675 -0.004087496 -0.002432228 -0.755797625 0.004080930 0.999988019 -0.002698268 -5.935980797 0.002443228 0.002688312 0.999993443 375.303833008
0.999991298 -0.003650357 -0.002028994 -0.760055304 0.003645542 0.999990523 -0.002372126 -5.979523659 0.002037634 0.002364709 0.999995112 376.912628174
0.999991894 -0.003737970 -0.001516477 -0.763533294 0.003734757 0.999990761 -0.002115846 -6.013000488 0.001524372 0.002110165 0.999996603 378.541015625
0.999997497 -0.001840522 -0.001269070 -0.790424109 0.001837416 0.999995351 -0.002444010 -6.035066128 0.001273563 0.002441673 0.999996126 380.168853760
0.999999523 0.000115548 -0.000925752 -0.799731135 -0.000117523 0.999997735 -0.002133667 -6.062563896 0.000925503 0.002133774 0.999997258 381.776245117
0.999999523 0.000931819 -0.000369776 -0.820940971 -0.000932843 0.999995708 -0.002777984 -6.089995384 0.000367186 0.002778327 0.999996066 383.420806885
