1.000000000 0.000000000 0.000000000 0.000000000 0.000000000 1.000000000 0.000000000 0.000000000 0.000000000 0.000000000 1.000000000 0.000000000
0.999034703 -0.000394254 0.043926220 0.044494450 0.000501179 0.999996960 -0.002423205 -0.017776998 -0.043925140 0.002442880 0.999031842 1.028795838
0.996016324 -0.004595775 0.089052424 0.137848735 0.005271101 0.999959111 -0.007349784 -0.036588505 -0.089015022 0.007789909 0.995999813 2.051682949
0.990841269 -0.003976433 0.134973362 0.269347012 0.005576368 0.999918580 -0.011477713 -0.059082858 -0.134916738 0.012125253 0.990782678 3.057596445
0.983465314 -0.000981765 0.181093812 0.445401400 0.003506391 0.999900997 -0.013621366 -0.086597770 -0.181062520 0.014031126 0.983371496 4.078844070
0.973933816 -0.003535777 0.226805419 0.683039784 0.006786188 0.999885142 -0.013553146 -0.117575772 -0.226731479 0.014739008 0.973845780 5.076670170
0.962196469 -0.003869964 0.272328556 0.953882873 0.008217334 0.999856353 -0.014825043 -0.148139045 -0.272232085 0.016502421 0.962090015 6.077597141
0.948633432 -0.006567554 0.316308916 1.281698704 0.012761080 0.999765217 -0.017513178 -0.177862003 -0.316119641 0.020650035 0.948494554 7.057043076
0.933482826 -0.008341584 0.358525068 1.653992653 0.016368765 0.999678552 -0.019360036 -0.209767163 -0.358248353 0.023940874 0.933319330 8.003137589
0.916174412 -0.008265516 0.400694519 2.062951565 0.017868571 0.999635577 -0.020235430 -0.241331995 -0.400381237 0.025699019 0.915988207 8.933194160
0.896612644 -0.008614717 0.442731887 2.508299828 0.018907188 0.999643743 -0.018839335 -0.275744259 -0.442411900 0.025262402 0.896456122 9.836778641
0.874764442 -0.008563654 0.484472722 3.003705978 0.019627891 0.999649346 -0.017770095 -0.314973772 -0.484150708 0.025053827 0.874625862 10.743322372
0.850836933 -0.008951475 0.525353551 3.540423632 0.020777160 0.999645948 -0.016616745 -0.349745274 -0.525018930 0.025053492 0.850721776 11.605172157
0.825243473 -0.008883717 0.564707637 4.115839005 0.022096517 0.999618530 -0.016565522 -0.386430264 -0.564345002 0.026148658 0.825124741 12.445426941
0.797945499 -0.010793326 0.602632999 4.727268219 0.025654029 0.999541819 -0.016066397 -0.419229388 -0.602183342 0.028280072 0.797856688 13.243319511
0.769212365 -0.009313209 0.638925374 5.379155159 0.025792468 0.999531448 -0.016482431 -0.453896731 -0.638472497 0.029157950 0.769092143 14.033591270
0.738691151 -0.012447934 0.673929095 6.057281494 0.030597085 0.999418139 -0.015077420 -0.485767692 -0.673349202 0.031757828 0.738642216 14.765727997
0.706728935 -0.011828759 0.707385540 6.783734798 0.031273682 0.999405205 -0.014532795 -0.517738819 -0.706792891 0.032393288 0.706678510 15.482963562
0.672554255 -0.010390245 0.739974976 7.529709816 0.032173559 0.999366581 -0.015209695 -0.551321685 -0.739348173 0.034036968 0.672462463 16.159959793
0.637037277 -0.012066740 0.770738542 8.307666779 0.037298318 0.999188721 -0.015184741 -0.580888510 -0.769930065 0.038420495 0.636970639 16.793952942
0.600374222 -0.010375291 0.799651861 9.098665237 0.037517015 0.999180257 -0.015203455 -0.609788537 -0.798838615 0.039128318 0.600271583 17.384811401
0.562788367 -0.009859465 0.826542139 9.936320305 0.041277058 0.999016583 -0.016188495 -0.642608225 -0.825569808 0.043227918 0.562641799 17.946216583
0.524094522 -0.008168925 0.851620853 10.782043457 0.046185497 0.998755217 -0.018842667 -0.666302919 -0.850406945 0.049207866 0.523819387 18.463275909
0.485045046 -0.006950798 0.874461472 11.657405853 0.046877917 0.998737276 -0.018063551 -0.696151018 -0.873231709 0.049754586 0.484758347 18.951099396
0.446561009 -0.008760075 0.894710243 12.557399750 0.052359309 0.998494267 -0.016356964 -0.721110940 -0.893219769 0.054150786 0.446347415 19.392774582
0.410008639 -0.009206340 0.912035167 13.477351189 0.056246370 0.998301089 -0.015208622 -0.743933082 -0.910345674 0.057534333 0.409829885 19.788278580
0.374843478 -0.006861558 0.927062690 14.406690598 0.057597104 0.998213291 -0.015900327 -0.772865057 -0.925297201 0.059356254 0.374568999 20.156808853
0.341697693 -0.007755949 0.939777911 15.360957146 0.058234595 0.998219132 -0.012935497 -0.794960618 -0.938003957 0.059147615 0.341540843 20.501508713
0.308047742 -0.009255704 0.951325893 16.360370636 0.060560696 0.998115420 -0.009899164 -0.818505764 -0.949441433 0.060662389 0.308027744 20.825279236
0.275660336 -0.009169798 0.961211264 17.345016479 0.061355107 0.998083353 -0.008074139 -0.837633967 -0.959294915 0.061200939 0.275694668 21.096384048
0.243338168 -0.006503088 0.969919622 18.352184296 0.058567196 0.998251319 -0.008000578 -0.859675169 -0.968171597 0.058752332 0.243293539 21.358758926
0.212716445 -0.004840383 0.977101982 19.379108429 0.058379728 0.998264253 -0.007764130 -0.875185192 -0.975368321 0.058694512 0.212629825 21.579385757
0.182171911 -0.004860788 0.983254671 20.412233353 0.060347520 0.998157799 -0.006246389 -0.898290038 -0.981413066 0.060474891 0.182129696 21.770017624
0.151636958 -0.004980496 0.988423645 21.477607727 0.062009770 0.998065472 -0.004484018 -0.909214616 -0.986489236 0.061971862 0.151652470 21.929761887
0.121248052 -0.005266225 0.992608249 22.578292847 0.060884796 0.998142421 -0.002141551 -0.915166795 -0.990753233 0.060694415 0.121343464 22.059679031
0.092087775 -0.005857355 0.995733678 23.663448334 0.061177369 0.998126864 0.000213606 -0.930898607 -0.993869722 0.060896698 0.092273630 22.152112961
0.065312840 -0.005531573 0.997849524 24.781116486 0.064061016 0.997945011 0.001339077 -0.933307946 -0.995806336 0.063835807 0.065532960 22.210969925
0.040763371 -0.004568000 0.999158382 25.901477814 0.068521068 0.997648120 0.001765592 -0.932719111 -0.996816456 0.068391435 0.040980518 22.233503342
0.018113742 -0.004230369 0.999826968 27.084087372 0.072545610 0.997360885 0.002905634 -0.934811354 -0.997200608 0.072480425 0.018372832 22.251564026
-0.002117413 -0.004399699 0.999988079 28.236749649 0.078174740 0.996929288 0.004551772 -0.933653712 -0.996937335 0.078183457 -0.001766965 22.243955612
-0.019246534 -0.005378907 0.999800444 29.424453735 0.082675718 0.996552169 0.006952972 -0.936449409 -0.996390641 0.082793020 -0.018735468 22.200307846
-0.034888148 -0.004808508 0.999379516 30.638694763 0.085644849 0.996295333 0.007783514 -0.930176377 -0.995714724 0.085863270 -0.034347080 22.148756027
-0.048973482 -0.005807992 0.998783112 31.839756012 0.087399572 0.996122360 0.010077993 -0.930206120 -0.994968712 0.087786771 -0.048275966 22.090339661
-0.061822265 -0.006603628 0.998065472 33.041561127 0.088251457 0.996025264 0.012056610 -0.923060775 -0.994177878 0.088826075 -0.060993757 21.995286942
-0.073737860 -0.006429519 0.997256935 34.229778290 0.087793596 0.996055126 0.012913288 -0.919880033 -0.993405759 0.088504978 -0.072882473 21.899631500
-0.084747545 -0.003784828 0.996395290 35.454734802 0.087631583 0.996089578 0.011237096 -0.914321899 -0.992541492 0.088268012 -0.084084481 21.801160812
-0.094831340 -0.000184359 0.995493352 36.686557770 0.088180341 0.996067524 0.008584584 -0.903453410 -0.991580188 0.088597007 -0.094442181 21.675817490
-0.103686973 0.002232870 0.994607449 37.931682587 0.089426659 0.995968342 0.007086731 -0.897543490 -0.990581512 0.089679241 -0.103468612 21.543399811
-0.111230984 0.003046973 0.993789911 39.225185394 0.089175142 0.995992005 0.006927298 -0.895052075 -0.989785492 0.089391902 -0.111056864 21.412853241
-0.116481893 0.003604207 0.993186295 40.508373260 0.088885583 0.996018589 0.006810107 -0.892096400 -0.989207447 0.089073196 -0.116338506 21.252317429
-0.121639930 0.005428771 0.992559433 41.829730988 0.090166748 0.995910943 0.005602993 -0.883055389 -0.988470376 0.090177409 -0.121632010 21.093837738
-0.127270743 0.006837719 0.991844356 43.179794312 0.088806279 0.996038556 0.004528744 -0.880689740 -0.987884402 0.088658385 -0.127373829 20.944229126
-0.131129056 0.007345248 0.991338015 44.556709290 0.089705832 0.995958209 0.004486341 -0.880354583 -0.987298429 0.089517102 -0.131257951 20.762958527
-0.134798184 0.006614928 0.990850925 45.949920654 0.088807225 0.996034026 0.005432056 -0.871419609 -0.986885369 0.088726945 -0.134851009 20.597785950
-0.138217658 0.004417120 0.990391970 47.386848450 0.089419819 0.995961607 0.008037340 -0.871586204 -0.986356914 0.089671597 -0.138054445 20.409700394
-0.140409172 0.003321254 0.990087986 48.820499420 0.090087652 0.995889127 0.009435051 -0.872740507 -0.985986531 0.090519473 -0.140131131 20.200214386
-0.142444357 0.003859303 0.989795268 50.245738983 0.092274897 0.995689094 0.009397266 -0.865135610 -0.985492170 0.092671834 -0.142186388 20.007339478
-0.144794807 0.003587728 0.989455223 51.684627533 0.091516130 0.995755553 0.009781706 -0.858538091 -0.985220432 0.091967449 -0.144508600 19.824512482
-0.146467835 0.004849677 0.989203572 53.166805267 0.093579911 0.995571315 0.008975151 -0.848215699 -0.984779060 0.093884178 -0.146272987 19.620796204
-0.146232337 0.004814939 0.989238560 54.650192261 0.093242563 0.995603323 0.008937485 -0.841535926 -0.984846294 0.093546100 -0.146038309 19.394502640
-0.146186456 0.006437017 0.989236116 56.173198700 0.092436276 0.995692730 0.007180933 -0.827509940 -0.984928966 0.092491060 -0.146151766 19.174942017
-0.144842729 0.006604282 0.989432693 57.710731506 0.093136974 0.995628774 0.006988653 -0.814613342 -0.985061407 0.093165033 -0.144824699 18.949159622
-0.143376634 0.004610917 0.989657462 59.262718201 0.092167296 0.995705426 0.008713640 -0.823474884 -0.985367119 0.092463382 -0.143185869 18.731039047
-0.142738387 0.005259837 0.989746451 60.851074219 0.093056977 0.995627582 0.008129318 -0.815387726 -0.985376060 0.093263187 -0.142603755 18.512489319
-0.142095253 0.005603665 0.989837110 62.441608429 0.092329949 0.995699346 0.007617496 -0.809006691 -0.985537469 0.092474006 -0.142001539 18.294118881
-0.140975386 0.005944843 0.989995182 64.060607910 0.093623504 0.995580435 0.007353609 -0.805753350 -0.985576212 0.093723498 -0.140908942 18.054643631
-0.140183568 0.005419270 0.990110695 65.642280579 0.092380032 0.995694578 0.007629676 -0.804512501 -0.985806525 0.092536017 -0.140080661 17.845157623
-0.139163271 0.003881825 0.990261853 67.291465759 0.094032601 0.995525479 0.009312111 -0.791949689 -0.985794842 0.094412796 -0.138905600 17.613452911
-0.139103353 0.002127572 0.990275562 68.997795105 0.096030012 0.995313644 0.011350875 -0.782221973 -0.985610723 0.096675113 -0.138655752 17.372434616
-0.137709528 0.003479410 0.990466475 70.679832458 0.097751856 0.995159626 0.010095035 -0.770997703 -0.985637248 0.098210111 -0.137383088 17.127708435
-0.137562603 0.005253310 0.990479290 72.381958008 0.099775575 0.994972885 0.008580180 -0.758021533 -0.985454917 0.100005940 -0.137395248 16.889518738
-0.136427671 0.004865687 0.990638077 74.086395264 0.098802231 0.995068848 0.008719292 -0.751012623 -0.985710740 0.099066786 -0.136235699 16.650093079
-0.136830822 0.004325939 0.990584910 75.827720642 0.099139132 0.995029688 0.009348866 -0.750385284 -0.985621154 0.099484935 -0.136579558 16.414318085
-0.136305675 0.003557342 0.990660369 77.551887512 0.098957874 0.995040953 0.010042611 -0.735059321 -0.985711992 0.099402495 -0.135981739 16.173213959
-0.136553437 0.004047261 0.990624428 79.274848938 0.100049928 0.994934797 0.009726593 -0.723575532 -0.985567451 0.100440092 -0.136266738 15.949029922
-0.136588186 0.003699424 0.990621150 81.043373108 0.100966394 0.994837463 0.010206218 -0.713598251 -0.985469162 0.101413496 -0.136256576 15.711646080
-0.136868834 0.004577059 0.990578592 82.784980774 0.101645432 0.994775832 0.009447957 -0.706239522 -0.985360384 0.101980925 -0.136619046 15.469505310
-0.136856139 0.006058866 0.990572393 84.565917969 0.101374067 0.994816840 0.007920870 -0.686415672 -0.985390127 0.101502374 -0.136760965 15.205286980
-0.138348550 0.006582002 0.990361750 86.340141296 0.100459740 0.994913459 0.007421461 -0.685756803 -0.985275328 0.100518212 -0.138306022 14.966240883
-0.139963448 0.006878394 0.990132630 88.121879578 0.099079378 0.995054245 0.007093107 -0.681313992 -0.985187054 0.099094532 -0.139952749 14.734261513
-0.141133979 0.005853571 0.989973187 89.930656433 0.097923107 0.995161355 0.008076007 -0.681423366 -0.985135674 0.098081067 -0.141024262 14.490586281
-0.142560914 0.005579845 0.989770293 91.758239746 0.097563036 0.995193541 0.008442017 -0.677242935 -0.984965920 0.097768515 -0.142420113 14.241846085
-0.143096715 0.004814901 0.989696920 93.610450745 0.095497936 0.995389402 0.008965103 -0.667068720 -0.985090613 0.095796913 -0.142896697 13.982047081
-0.144783229 0.005393493 0.989448845 95.436813354 0.095186315 0.995423079 0.008502289 -0.665768147 -0.984874308 0.095412970 -0.144633979 13.723697662
-0.147155151 0.006219444 0.989094019 97.310432434 0.094255269 0.995517790 0.007763242 -0.656163692 -0.984612405 0.094369695 -0.147081748 13.444455147
-0.151377946 0.007535878 0.988447249 99.173171997 0.094878137 0.995464683 0.006940946 -0.643667459 -0.983911932 0.094832748 -0.151406378 13.169082642
-0.155822545 0.006141912 0.987765968 101.053863525 0.092611521 0.995666742 0.008418663 -0.642238021 -0.983434021 0.092790321 -0.155716136 12.882596970
-0.160792634 0.005738261 0.986971676 102.946769714 0.091338903 0.995778382 0.009091034 -0.636574805 -0.982752740 0.091610663 -0.160637960 12.587784767
-0.164591625 0.006113419 0.986342847 104.845878601 0.089450158 0.995952845 0.008753617 -0.633240342 -0.982297421 0.089669280 -0.164472342 12.271469116
-0.168839306 0.008087202 0.985610425 106.766342163 0.090220340 0.995895207 0.007283542 -0.626349866 -0.981505692 0.090151861 -0.168875858 11.930374146
-0.173369512 0.009847187 0.984807551 108.700218201 0.089999333 0.995924413 0.005885502 -0.628332198 -0.980736017 0.089652412 -0.173549160 11.591070175
-0.177323937 0.009630725 0.984105408 110.648498535 0.088884711 0.996022224 0.006268602 -0.633664072 -0.980130613 0.088583477 -0.177474618 11.236192703
-0.181879669 0.009521005 0.983274698 112.582717896 0.086879678 0.996198177 0.006424285 -0.631334424 -0.979475260 0.086595029 -0.182015359 10.884895325
-0.187325299 0.008877293 0.982257783 114.544952393 0.085276067 0.996330917 0.007258425 -0.638878584 -0.978589356 0.085122794 -0.187395006 10.531486511
-0.192575678 0.008262754 0.981247425 116.493629456 0.083845489 0.996446073 0.008064446 -0.635753453 -0.977693439 0.083826184 -0.192584097 10.159189224
-0.197526008 0.007709666 0.980267465 118.485671997 0.084204085 0.996406615 0.009130712 -0.636869192 -0.976674557 0.084346078 -0.197465450 9.757560730
-0.202725768 0.009892664 0.979185641 120.466026306 0.085097052 0.996344030 0.007552063 -0.625048280 -0.975531042 0.084856808 -0.202826455 9.351800919
-0.208335117 0.010523127 0.978000879 122.425239563 0.084433801 0.996402562 0.007265082 -0.629732013 -0.974406123 0.084089905 -0.208474189 8.950166702
-0.214383602 0.010831282 0.976689458 124.413665771 0.085400432 0.996316969 0.007696472 -0.624374807 -0.973008871 0.085059710 -0.214519054 8.530529022
-0.219652995 0.010730345 0.975519061 126.402488708 0.084730513 0.996370792 0.008118663 -0.621842206 -0.971891582 0.084439509 -0.219765052 8.085798264
-0.224801674 0.011550980 0.974336088 128.388900757 0.084039658 0.996433616 0.007576925 -0.616226733 -0.970773637 0.083586171 -0.224970698 7.630882263
-0.230064884 0.012257040 0.973098099 130.398681641 0.083420761 0.996488631 0.007171103 -0.614328504 -0.969593287 0.082826421 -0.230279475 7.176946640
-0.234023958 0.011343966 0.972164631 132.375167847 0.084614426 0.996375442 0.008742300 -0.615044475 -0.968541801 0.084305055 -0.234135613 6.706069946
-0.237858012 0.011439045 0.971232533 134.362289429 0.087046959 0.996158063 0.009585466 -0.606036067 -0.967391551 0.086822823 -0.237939879 6.212377548
-0.241326332 0.012335137 0.970365644 136.347763062 0.088471621 0.996034920 0.009341123 -0.601881027 -0.966402829 0.088104077 -0.241460755 5.718881607
-0.244426221 0.013190636 0.969578147 138.343170166 0.088979363 0.995993793 0.008881283 -0.593824744 -0.965576768 0.088443272 -0.244620740 5.215259552
-0.247916281 0.013256321 0.968690634 140.367630005 0.088289484 0.996054530 0.008965074 -0.589563131 -0.964749932 0.087747812 -0.248108521 4.705089569
-0.251663625 0.013767119 0.967716873 142.364379883 0.087280542 0.996147275 0.008526523 -0.588675261 -0.963871241 0.086608693 -0.251895607 4.182590485
-0.256213397 0.014588103 0.966510117 144.389068604 0.086527221 0.996218145 0.007901117 -0.588661790 -0.962739646 0.085653827 -0.256506741 3.653697968
-0.260903060 0.013816959 0.965266109 146.412872314 0.084700182 0.996369123 0.008631552 -0.586658955 -0.961642087 0.084010214 -0.261125982 3.121612549
-0.264869153 0.014049317 0.964182138 148.441848755 0.085422136 0.996304572 0.008948827 -0.586800575 -0.960493326 0.084732763 -0.265090585 2.559654236
-0.269616485 0.014537551 0.962857962 150.489410400 0.084942266 0.996347666 0.008742076 -0.584938169 -0.959214151 0.084144361 -0.269866526 2.000053406
-0.274470806 0.014969450 0.961478829 152.543914795 0.084385917 0.996396244 0.008576332 -0.576204896 -0.957885563 0.083489217 -0.274744868 1.431015015
-0.279126018 0.014016231 0.960152090 154.586837769 0.084181488 0.996401012 0.009927033 -0.583624959 -0.956557453 0.083597928 -0.279301375 0.852394104
-0.283913463 0.014065480 0.958746731 156.652633667 0.084591612 0.996361017 0.010432788 -0.577224970 -0.955111206 0.084063932 -0.284070224 0.264427185
-0.288379461 0.014747743 0.957402647 158.737503052 0.085168913 0.996313214 0.010306624 -0.571152091 -0.953720808 0.084513150 -0.288572282 -0.343307495
-0.291716278 0.016115775 0.956369042 160.801147461 0.085685372 0.996278405 0.009347877 -0.562624693 -0.952659249 0.084673770 -0.292011470 -0.971530914
-0.295235574 0.017508114 0.955264091 162.860198975 0.085569836 0.996298552 0.008186160 -0.563517928 -0.951584876 0.084158637 -0.295640796 -1.601573944
-0.298817039 0.019054515 0.954120100 164.941253662 0.086730763 0.996205270 0.007267878 -0.560755730 -0.950361073 0.084923372 -0.299335688 -2.240852356
-0.302197754 0.019560484 0.953044534 167.027511597 0.086058892 0.996266484 0.006840548 -0.561976552 -0.949352622 0.084085144 -0.302752882 -2.891639709
-0.306285322 0.019538559 0.951739132 169.125656128 0.086087257 0.996261179 0.007251725 -0.564021826 -0.948039174 0.084153734 -0.306822181 -3.547386169
-0.310316563 0.019939052 0.950424075 171.206924438 0.086019531 0.996267557 0.007184845 -0.562745452 -0.946733475 0.083984599 -0.310873508 -4.204582214
-0.314345568 0.020637706 0.949084282 173.307296753 0.087897800 0.996101618 0.007452477 -0.561673403 -0.945230544 0.085765056 -0.314934164 -4.897392273
-0.316684932 0.021328468 0.948290884 175.387878418 0.090849802 0.995832860 0.007941840 -0.559782505 -0.944169998 0.088667117 -0.317302942 -5.608345032
-0.319354177 0.020650532 0.947410405 177.463973999 0.091280781 0.995783925 0.009064106 -0.562664509 -0.943228900 0.089375019 -0.319892764 -6.300319672
-0.322421223 0.020224344 0.946380198 179.569412231 0.090926103 0.995810449 0.009696844 -0.555368662 -0.942219198 0.089177132 -0.322909385 -7.014125824
-0.325191766 0.020841908 0.945418417 181.693298340 0.090040162 0.995897353 0.009016027 -0.550320983 -0.941351652 0.088057555 -0.325734168 -7.738327026
-0.328240931 0.022786476 0.944319069 183.796981812 0.089283608 0.995981634 0.007001471 -0.548942804 -0.940364897 0.086610384 -0.328956395 -8.460243225
-0.331398427 0.024872091 0.943162918 185.917968750 0.089039937 0.996015429 0.005020024 -0.546865582 -0.939280033 0.085642785 -0.332292527 -9.198852539
-0.334492296 0.025452033 0.942054868 188.034683228 0.087957419 0.996114731 0.004318143 -0.559002221 -0.938284814 0.084305078 -0.335431486 -9.946655273
-0.338283956 0.026536072 0.940669894 190.192550659 0.086196087 0.996273994 0.002893216 -0.560907304 -0.937088132 0.082060792 -0.339310825 -10.703533173
-0.340742737 0.027285378 0.939760685 192.322784424 0.087971538 0.996118546 0.002975432 -0.567160428 -0.936031640 0.083686046 -0.341820568 -11.495212555
-0.344458103 0.026261276 0.938434303 194.495880127 0.087114364 0.996189892 0.004098345 -0.573541701 -0.934751153 0.083162822 -0.345433414 -12.276702881
-0.348139048 0.025384661 0.937099159 196.656188965 0.086659335 0.996224403 0.005208297 -0.582405388 -0.933428824 0.083021596 -0.349024504 -13.073581696
-0.351832092 0.025336087 0.935720146 198.810333252 0.086765535 0.996212721 0.005649947 -0.586158872 -0.932033122 0.083176121 -0.352697939 -13.877700806
-0.356045723 0.025340769 0.934124887 200.983139038 0.085917920 0.996285796 0.005720926 -0.592357159 -0.930510283 0.082294986 -0.356900483 -14.681678772
-0.359949917 0.026028156 0.932608485 203.161636353 0.084913671 0.996375859 0.004965470 -0.601079822 -0.929099321 0.080978535 -0.360855609 -15.509006500
-0.363157451 0.026656426 0.931346297 205.334747314 0.084868766 0.996381640 0.004574826 -0.608246922 -0.927854478 0.080703586 -0.364105761 -16.344322205
-0.365640312 0.027877718 0.930338681 207.426345825 0.086827025 0.996214151 0.004272931 -0.623666644 -0.926697493 0.082340881 -0.366676569 -17.174415588
-0.368700653 0.027196422 0.929150164 209.578216553 0.087422542 0.996155977 0.005532871 -0.636802435 -0.925428092 0.083268650 -0.369660884 -18.012172699
-0.371120989 0.027114900 0.928188562 211.754302979 0.089438252 0.995970070 0.006665437 -0.642359614 -0.924267292 0.085489266 -0.372050524 -18.888839722
-0.374264866 0.027694598 0.926908135 213.935256958 0.090070464 0.995913446 0.006612071 -0.649648666 -0.922937155 0.085961707 -0.375229806 -19.761108398
-0.376932621 0.028906295 0.925789535 216.129013062 0.090872772 0.995845139 0.005904919 -0.656472921 -0.921772182 0.086354807 -0.377993196 -20.651535034
-0.379784793 0.028887155 0.924623668 218.304153442 0.089799695 0.995943129 0.005769475 -0.665019751 -0.920705914 0.085222095 -0.380838037 -21.536567688
-0.382532895 0.030631416 0.923433959 220.470245361 0.089957356 0.995936632 0.004228456 -0.675658882 -0.919552207 0.084687203 -0.383734047 -22.431945801
-0.385516346 0.031572763 0.922160625 222.630111694 0.089646041 0.995967984 0.003377448 -0.688734889 -0.918335855 0.083970122 -0.386792213 -23.330307007
-0.388534606 0.031436384 0.920897722 224.805389404 0.087052807 0.996199906 0.002721373 -0.701438963 -0.917312741 0.081224091 -0.389794797 -24.228111267
-0.391755342 0.032588061 0.919492126 226.976791382 0.088068277 0.996111989 0.002218457 -0.713425398 -0.915844798 0.081847161 -0.393102169 -25.138729095
-0.394320577 0.032084163 0.918412566 229.127105713 0.089517333 0.995978534 0.003640399 -0.735025764 -0.914602637 0.083649330 -0.395606875 -26.060428619
-0.397182584 0.031178707 0.917209983 231.294097900 0.089936227 0.995934546 0.005090604 -0.749474168 -0.913322210 0.084512293 -0.398371994 -26.989185333
-0.400523245 0.030929461 0.915764451 233.428909302 0.088967100 0.996020615 0.005271016 -0.754009843 -0.911957145 0.083584078 -0.401681095 -27.912193298
-0.403883994 0.031193839 0.914278209 235.555969238 0.087672487 0.996137977 0.004742700 -0.768385887 -0.910599291 0.082072541 -0.405059099 -28.844482422
-0.407654971 0.030527696 0.912625611 237.745544434 0.085646011 0.996313453 0.004929596 -0.773398995 -0.909110665 0.080172315 -0.408766687 -29.807239532
-0.411112368 0.030025462 0.911090076 239.896789551 0.085111082 0.996355891 0.005569344 -0.786178350 -0.907602727 0.079833485 -0.412169755 -30.764289856
-0.414970994 0.030002650 0.909339845 242.025802612 0.084403887 0.996415675 0.005641519 -0.801290512 -0.905911207 0.079092883 -0.416015863 -31.719291687
-0.418773413 0.029837059 0.907600462 244.171447754 0.083892934 0.996456981 0.005950619 -0.810330629 -0.904207289 0.078633226 -0.419792801 -32.697990417
-0.422518194 0.029444171 0.905876040 246.327346802 0.082739346 0.996551871 0.006199779 -0.820451021 -0.902570009 0.077571101 -0.423497528 -33.682922363
-0.426170111 0.029463779 0.904163122 248.443328857 0.082190529 0.996596932 0.006263951 -0.829308152 -0.900901675 0.076983169 -0.427141398 -34.670936584
-0.430069715 0.030618314 0.902276397 250.600952148 0.083100148 0.996524274 0.005793072 -0.841619730 -0.898963153 0.077470727 -0.431119204 -35.679199219
-0.433759660 0.031001423 0.900495112 252.728302002 0.083243504 0.996512413 0.005790569 -0.858912110 -0.897175074 0.077472106 -0.434827536 -36.690773010
-0.436901063 0.030485325 0.898992836 254.866241455 0.082771592 0.996547699 0.006432657 -0.871860623 -0.895693183 0.077221498 -0.437916100 -37.724609375
-0.440832198 0.031037971 0.897052765 256.993316650 0.082037359 0.996612191 0.005832310 -0.885149837 -0.893832684 0.076162927 -0.441884935 -38.749053955
-0.444624215 0.031097155 0.895177245 259.074096680 0.082088925 0.996605933 0.006151969 -0.901246905 -0.891947627 0.076219454 -0.445667863 -39.773155212
-0.448200434 0.031972107 0.893361151 261.211730957 0.082562000 0.996569335 0.005755682 -0.896128297 -0.890112281 0.076337382 -0.449302554 -40.833671570
-0.451386422 0.033182647 0.891711295 263.320312500 0.084397234 0.996416152 0.005643114 -0.904122829 -0.888328433 0.077805191 -0.452569306 -41.899208069
-0.455178976 0.035574380 0.889689028 265.445434570 0.086216606 0.996267259 0.004273873 -0.903460860 -0.886215985 0.078651354 -0.456547081 -42.975967407
-0.457867414 0.036120888 0.888286412 267.571350098 0.087881729 0.996119380 0.004792887 -0.919688702 -0.884666145 0.080258638 -0.459264994 -44.075164795
-0.460682064 0.038679890 0.886722147 269.690460205 0.090125069 0.995924711 0.003379567 -0.920605898 -0.882977664 0.081472792 -0.462290674 -45.178443909
-0.463289529 0.041049842 0.885255635 271.804412842 0.091912523 0.995765209 0.001927252 -0.938353240 -0.881427765 0.082258977 -0.465100646 -46.268157959
-0.466931850 0.040966380 0.883343816 273.952209473 0.091742955 0.995780051 0.002314168 -0.949171126 -0.879521370 0.082121111 -0.468719929 -47.366310120
-0.470379144 0.042265315 0.881451726 276.102478027 0.092477091 0.995713532 0.001605479 -0.965213299 -0.877605498 0.082269274 -0.472271442 -48.476966858
-0.473907471 0.042040806 0.879570544 278.261627197 0.091048367 0.995845377 0.001457949 -0.968828499 -0.875854969 0.080774404 -0.475766271 -49.626609802
-0.476961672 0.044007029 0.877821684 280.410034180 0.092871837 0.995677948 0.000546206 -0.980799675 -0.874003649 0.081785418 -0.478987217 -50.780120850
-0.480090499 0.043831274 0.876123250 282.558959961 0.091978036 0.995760798 0.000584753 -0.994860351 -0.872383595 0.080864817 -0.482086837 -51.952697754
-0.482886285 0.043533862 0.874600232 284.706756592 0.090183996 0.995925009 0.000219683 -1.005783081 -0.871026754 0.078981005 -0.484844714 -53.123924255
-0.484945983 0.044613045 0.873405576 286.862731934 0.092326410 0.995728731 0.000401695 -1.015913248 -0.869656980 0.080833189 -0.486993670 -54.322616577
-0.487169832 0.044321727 0.872181773 289.049468994 0.093800873 0.995589375 0.001800896 -1.033803225 -0.868255138 0.082688764 -0.489178479 -55.527359009
-0.489403784 0.044855598 0.870902836 291.220642090 0.095153235 0.995460212 0.002200465 -1.041663408 -0.866850495 0.083946139 -0.491450161 -56.739540100
-0.491044849 0.043844875 0.870030165 293.372680664 0.094656877 0.995504558 0.003256218 -1.054034710 -0.865976155 0.083953314 -0.492987722 -57.948982239
-0.494199395 0.043714259 0.868248820 295.579467773 0.093798280 0.995585799 0.003263755 -1.045058012 -0.864273489 0.083053172 -0.496118307 -59.180458069
-0.497165561 0.044387404 0.866519511 297.801574707 0.095524304 0.995419800 0.003816744 -1.045272708 -0.862381339 0.084671214 -0.499128461 -60.439559937
-0.499504358 0.044002481 0.865193188 299.988647461 0.095870972 0.995382547 0.004725711 -1.050335765 -0.860990226 0.085307412 -0.501416445 -61.692901611
-0.501857102 0.044092406 0.863825977 302.195617676 0.094634935 0.995503247 0.004166443 -1.059848666 -0.859757900 0.083839104 -0.503773093 -62.956314087
-0.504885077 0.046664264 0.861924171 304.385986328 0.094174504 0.995554924 0.001265156 -1.063604712 -0.858033955 0.081810050 -0.507035553 -64.208854675
-0.508242548 0.045980658 0.859985650 306.587341309 0.092751421 0.995688021 0.001578883 -1.073593020 -0.856204808 0.080567330 -0.510315776 -65.506080627
-0.513171613 0.043477278 0.857184052 308.779876709 0.089414954 0.995990038 0.003012524 -1.080429077 -0.853615642 0.078191020 -0.515001357 -66.781105042
-0.517820239 0.041553415 0.854479671 310.985473633 0.087807350 0.996126056 0.004770145 -1.088699818 -0.850971222 0.077499673 -0.519462943 -68.091918945
-0.521881342 0.040520281 0.852055132 313.174468994 0.087318636 0.996161640 0.006108991 -1.092482686 -0.848537147 0.077588439 -0.523416400 -69.432258606
-0.525995374 0.040330172 0.849530578 315.421844482 0.087728746 0.996119738 0.007028887 -1.093321085 -0.845950663 0.078225449 -0.527492344 -70.809638977
-0.529716194 0.042786613 0.847095013 317.669311523 0.091320738 0.995798171 0.006808270 -1.090455532 -0.843244374 0.080963813 -0.531397820 -72.215805054
-0.533727586 0.042933438 0.844565928 319.922485352 0.091219276 0.995805979 0.007024747 -1.082433224 -0.840722263 0.080790006 -0.535405517 -73.633445740
-0.537617147 0.043870620 0.842047036 322.145050049 0.092928641 0.995644748 0.007458590 -1.084939957 -0.838052571 0.082260154 -0.539352596 -75.042633057
-0.541440606 0.042844854 0.839646578 324.353729248 0.093807153 0.995543242 0.009691088 -1.089282751 -0.835489273 0.084011994 -0.543046653 -76.475936890
-0.545387387 0.040923163 0.837184429 326.580902100 0.091969304 0.995698392 0.011242176 -1.088314772 -0.833123207 0.083126634 -0.546804965 -77.918190002
-0.549338937 0.040431689 0.834620893 328.797729492 0.090953544 0.995787263 0.011625585 -1.083035469 -0.830634832 0.082298115 -0.550702095 -79.359199524
-0.553663194 0.040532779 0.831753671 331.002380371 0.091048047 0.995773137 0.012081116 -1.073997021 -0.827748358 0.082418419 -0.555013418 -80.811889648
-0.557249546 0.040473964 0.829358101 333.190856934 0.091897771 0.995681465 0.013155702 -1.064672470 -0.825244248 0.083547160 -0.558562458 -82.271888733
-0.561779678 0.040518850 0.826294065 335.434600830 0.092529520 0.995610297 0.014087257 -1.051991463 -0.822096050 0.084370524 -0.563062787 -83.773513794
-0.564759314 0.038481012 0.824358165 337.637878418 0.090516254 0.995774031 0.015529073 -1.046558380 -0.820276618 0.083388001 -0.565855801 -85.273071289
-0.568055332 0.038067136 0.822109401 339.847381592 0.090393208 0.995771945 0.016350808 -1.019617558 -0.818011165 0.083601259 -0.569094718 -86.780944824
-0.570819378 0.037893590 0.820200801 342.049194336 0.091262594 0.995672762 0.017513793 -0.999692440 -0.815988004 0.084850855 -0.571807623 -88.309715271
-0.573316693 0.037088968 0.818493903 344.250366211 0.089032598 0.995879710 0.017236192 -0.982200146 -0.814482152 0.082754433 -0.574256420 -89.850341797
-0.577033818 0.036262330 0.815914929 346.401428223 0.085507847 0.996205807 0.016198007 -0.964700222 -0.812231541 0.079113916 -0.577945292 -91.314117432
-0.580329418 0.035463531 0.813609302 348.568542480 0.082048006 0.996514201 0.015087046 -0.945245743 -0.810238183 0.075510480 -0.581216216 -92.822433472
-0.582835674 0.032883719 0.811924338 350.693145752 0.080445841 0.996607363 0.017384075 -0.941680431 -0.808598220 0.075448021 -0.583503604 -94.338714600
-0.586880803 0.032549717 0.809018791 352.871520996 0.081031181 0.996536374 0.018687662 -0.917854309 -0.805608392 0.076523177 -0.587485611 -95.885398865
-0.590132415 0.032124288 0.806667089 355.035919189 0.079786994 0.996636868 0.018680116 -0.900226593 -0.803354084 0.075385280 -0.590710819 -97.439422607
-0.593723774 0.031079853 0.804068565 357.237884521 0.077602908 0.996807516 0.018772082 -0.880474567 -0.800918341 0.073543474 -0.594240189 -99.023323059
-0.596770465 0.026657630 0.801969171 359.412994385 0.074535705 0.996968389 0.022324905 -0.856219769 -0.798942804 0.073098175 -0.596948266 -100.613136292
-0.600227118 0.024911314 0.799441576 361.548126221 0.072690926 0.997077465 0.023507100 -0.816708565 -0.796519578 0.072221749 -0.600283742 -102.207878113
-0.603899419 0.024020365 0.796698570 363.743286133 0.071001865 0.997193277 0.023754319 -0.775909424 -0.793891966 0.070912309 -0.603909850 -103.824134827
-0.607113838 0.023882715 0.794255912 365.932312012 0.070331439 0.997240365 0.023773676 -0.746745110 -0.791496217 0.070294492 -0.607118130 -105.443641663
-0.609475315 0.023415029 0.792459249 368.073394775 0.069978163 0.997251213 0.024353676 -0.711596489 -0.789710641 0.070297807 -0.609438598 -107.071884155
-0.613171697 0.022412416 0.789631665 370.201690674 0.069525033 0.997249484 0.025682867 -0.692308426 -0.786884189 0.070647173 -0.613043427 -108.672515869
-0.616459846 0.021151891 0.787102222 372.341979980 0.066481143 0.997467816 0.025263071 -0.655118942 -0.784574747 0.067901120 -0.616305053 -110.313987732
-0.619427562 0.017650792 0.784855366 374.468902588 0.056627948 0.998147488 0.022244619 -0.622804642 -0.783008754 0.058223687 -0.619279623 -111.962722778
-0.623698831 0.019548558 0.781420290 376.610534668 0.048675638 0.998718381 0.013866339 -0.609476089 -0.780147731 0.046684548 -0.623851001 -113.599060059
-0.626295269 0.029932387 0.779011250 378.725372314 0.058841210 0.998227358 0.008950634 -0.603387117 -0.777362168 0.051443707 -0.626946092 -115.284378052
-0.627323389 0.030793468 0.778149784 380.853515625 0.066356622 0.997697473 0.014013356 -0.603202820 -0.775926650 0.060426287 -0.627922356 -116.984680176
-0.629498541 0.022104217 0.776687264 382.966644287 0.065960355 0.997507155 0.025071630 -0.573993683 -0.774197102 0.067013107 -0.629387259 -118.683135986
-0.633238435 0.010662870 0.773883224 385.095977783 0.058655635 0.997690618 0.034249034 -0.521930695 -0.771730900 0.067080423 -0.632401407 -120.361328125
-0.636779070 0.004818776 0.771031260 387.184753418 0.052938078 0.997894049 0.037483867 -0.454465866 -0.769226909 0.064685874 -0.635693133 -122.033653259
-0.639116883 0.004723712 0.769095063 389.258483887 0.051946305 0.997962892 0.037037913 -0.381701469 -0.767353356 0.063623212 -0.638060272 -123.732131958
-0.642691851 0.009753485 0.766062617 391.346099854 0.057352301 0.997725725 0.035412978 -0.325583458 -0.763974845 0.066695094 -0.641789675 -125.442008972
-0.644738197 0.016404767 0.764227331 393.375701904 0.062275622 0.997573555 0.031124922 -0.269970894 -0.761862457 0.067660160 -0.644195318 -127.143157959
-0.648289740 0.019263633 0.761149883 395.457733154 0.062677987 0.997637153 0.028135560 -0.218009949 -0.758809447 0.065947339 -0.647965372 -128.870788574
-0.651030779 0.019247729 0.758807242 397.500610352 0.062886924 0.997609496 0.028649714 -0.171684265 -0.756441772 0.066370904 -0.650684834 -130.603485107
-0.654426873 0.018417614 0.755900919 399.522583008 0.063774049 0.997485578 0.030909019 -0.124610901 -0.753430843 0.068434566 -0.653955996 -132.322555542
-0.656714141 0.018392002 0.753915310 401.542022705 0.064715922 0.997389197 0.032040562 -0.065453529 -0.751357675 0.069831818 -0.656189859 -134.071502686
-0.658899963 0.018176729 0.752010942 403.596282959 0.064434074 0.997397542 0.032348175 -0.010684013 -0.749465823 0.069769345 -0.658356428 -135.817886353
-0.660882652 0.017881678 0.750276327 405.635375977 0.064502947 0.997370243 0.033046778 0.040932655 -0.747712314 0.070235074 -0.660297990 -137.579879761
-0.661769211 0.019031942 0.749465942 407.635620117 0.065959364 0.997279227 0.032916389 0.094481468 -0.746800423 0.071217358 -0.661223948 -139.333923340
-0.662857711 0.018502355 0.748516738 409.643249512 0.066994391 0.997150540 0.034679413 0.158820152 -0.745742202 0.073133953 -0.662208378 -141.104614258
-0.663836658 0.016345266 0.747698963 411.668792725 0.067395799 0.997000754 0.038041454 0.216450691 -0.744834661 0.075645067 -0.662947297 -142.871520996
-0.664176464 0.016771030 0.747387648 413.675720215 0.069701366 0.996782601 0.039573759 0.290402412 -0.744319260 0.078377880 -0.663208604 -144.661193848
-0.666121125 0.016738286 0.745655775 415.705902100 0.067469448 0.997001529 0.037892442 0.370206833 -0.742785692 0.075549938 -0.665253103 -146.427078247
-0.668120921 0.016682534 0.743865669 417.705200195 0.063484415 0.997380972 0.034651976 0.436443329 -0.741339445 0.070375584 -0.667430222 -148.179229736
-0.668954670 0.016215134 0.743126094 419.686767578 0.061081015 0.997579873 0.033217151 0.497945786 -0.740789294 0.067611657 -0.668326259 -149.954986572
-0.670248210 0.015390786 0.741977155 421.678833008 0.060156520 0.997621715 0.033647422 0.558277130 -0.739694774 0.067186892 -0.669579983 -151.721099854
-0.671815276 0.013839771 0.740589440 423.621185303 0.057459068 0.997786343 0.033477060 0.616337776 -0.738486767 0.065043971 -0.671123385 -153.466461182
-0.672053039 0.012971699 0.740389407 425.606536865 0.054985940 0.997960448 0.032426484 0.673077583 -0.738458693 0.062503323 -0.671395600 -155.259063721
-0.672804832 0.012398436 0.739716172 427.591339111 0.053855773 0.998027563 0.032256220 0.731646538 -0.737857223 0.061540116 -0.672145545 -157.041625977
-0.673108876 0.010565214 0.739467919 429.553070068 0.054259427 0.997908652 0.035132535 0.789623260 -0.737550259 0.063771129 -0.672274411 -158.811096191
-0.672889709 0.009721398 0.739678919 431.528869629 0.056654327 0.997654080 0.038426846 0.860090256 -0.737570107 0.067763038 -0.671861947 -160.593322754
-0.672382951 0.008493141 0.740154743 433.517822266 0.061028149 0.997165859 0.043997858 0.936574936 -0.737683356 0.074753687 -0.670995653 -162.379608154
-0.670802593 0.007856071 0.741594255 435.502990723 0.064674050 0.996754110 0.047941245 1.028154373 -0.738810658 0.080121011 -0.669133306 -164.166717529
-0.669047058 0.005237997 0.743201733 437.464996338 0.058986120 0.997195065 0.046072520 1.118610382 -0.740875602 0.074663267 -0.667479217 -165.911819458
-0.668847561 0.004223077 0.743387699 439.461822510 0.051193465 0.997871637 0.040391486 1.205316544 -0.741634786 0.065072335 -0.667640030 -167.660751343
-0.667184293 0.002219230 0.744889379 441.445343018 0.046584148 0.998162508 0.038750783 1.276546478 -0.743434727 0.060553957 -0.666061521 -169.421737671
-0.664593816 0.002002210 0.747202098 443.456542969 0.044976242 0.998290300 0.037328780 1.347198486 -0.745850027 0.058414828 -0.663547575 -171.177001953
-0.661796093 0.003203454 0.749677122 445.450683594 0.047316793 0.998175621 0.037504751 1.419530869 -0.748189151 0.060292799 -0.660740376 -172.931182861
-0.659126222 0.002763771 0.752027273 447.445587158 0.047907896 0.998116374 0.038321454 1.483408928 -0.750504792 0.061286736 -0.658017099 -174.659561157
-0.656287134 0.003850620 0.754501283 449.428039551 0.045726806 0.998351812 0.034679383 1.552461624 -0.753124356 0.057260580 -0.655381441 -176.374114990
-0.654986501 -0.001120603 0.755639672 451.442901611 0.039211243 0.998601258 0.035469122 1.612933159 -0.754622400 0.052861374 -0.654026449 -178.086791992
-0.654017508 -0.007047342 0.756446600 453.454772949 0.030501695 0.998897791 0.035677619 1.677820206 -0.755864263 0.046406683 -0.653081656 -179.791107178
-0.653218269 -0.010872745 0.757091582 455.474487305 0.023177413 0.999141216 0.034346335 1.736283302 -0.756814837 0.039983083 -0.652405262 -181.496917725
-0.652432919 -0.011498493 0.757759273 457.493438721 0.021507293 0.999201238 0.033680048 1.792105675 -0.757541239 0.038271330 -0.651664436 -183.209442139
-0.651697278 -0.011135243 0.758397460 459.515319824 0.024173765 0.999079347 0.035441794 1.849521637 -0.758093834 0.041430634 -0.650828123 -184.918792725
-0.650432467 -0.012263510 0.759465098 461.541809082 0.025552932 0.998950422 0.038015030 1.910652161 -0.759134173 0.044132777 -0.649436414 -186.611236572
-0.649604142 -0.014233588 0.760139346 463.545135498 0.024067922 0.998938620 0.039273195 1.986095428 -0.759891570 0.043807007 -0.648572087 -188.297943115
-0.648177266 -0.014657720 0.761348307 465.594665527 0.022133080 0.999029815 0.038076732 2.060741425 -0.761167765 0.041531455 -0.647223830 -190.027862549
-0.647362709 -0.014123404 0.762051225 467.623504639 0.020394081 0.999149323 0.035842415 2.125427246 -0.761909187 0.038744375 -0.646523952 -191.707305908
-0.646604359 -0.012469332 0.762723625 469.660430908 0.021149758 0.999188960 0.034265023 2.186524391 -0.762532294 0.038287330 -0.645816207 -193.407379150
-0.645563543 -0.011940371 0.763613224 471.682220459 0.023261780 0.999106348 0.035288360 2.243957520 -0.763352215 0.040543877 -0.644708931 -195.100082397
