0.999999940 -0.000000001 0.000000002 0.000000000 -0.000000001 1.000000000 0.000000000 0.000000000 0.000000002 0.000000000 1.000000000 0.000000000
0.999995232 -0.002602588 -0.001559269 -0.002461067 0.002607201 0.999992192 0.002964113 -0.017338684 0.001551546 -0.002968165 0.999994397 1.525594831
0.999990702 -0.003036442 -0.003046175 -0.008822361 0.003048348 0.999987662 0.003911518 -0.036036596 0.003034260 -0.003920768 0.999987721 3.042449951
0.999988914 -0.001825811 -0.004340519 -0.027614582 0.001841329 0.999991894 0.003573713 -0.050973296 0.004333958 -0.003581666 0.999984205 4.555650711
0.999981225 -0.001345529 -0.005977113 -0.042011313 0.001366500 0.999992907 0.003505890 -0.066406824 0.005972353 -0.003513994 0.999975979 6.045601368
0.999971271 -0.001372201 -0.007457056 -0.057957713 0.001398326 0.999992847 0.003499326 -0.077692896 0.007452202 -0.003509653 0.999966085 7.545790195
0.999954939 -0.001722828 -0.009334307 -0.072041571 0.001763075 0.999989212 0.004305165 -0.097420029 0.009326788 -0.004321428 0.999947131 9.058502197
0.999934852 -0.003431171 -0.010889458 -0.096124232 0.003469050 0.999988079 0.003461589 -0.110560387 0.010877449 -0.003499139 0.999934614 10.555583000
0.999913633 -0.004606017 -0.012308907 -0.123658925 0.004651243 0.999982536 0.003648254 -0.124465331 0.012291889 -0.003705189 0.999917507 12.034127235
0.999897122 -0.004516599 -0.013604934 -0.146717757 0.004564879 0.999983370 0.003519671 -0.138983086 0.013588814 -0.003581414 0.999901235 13.523299217
0.999882519 -0.004331850 -0.014701096 -0.176420569 0.004384021 0.999984264 0.003518512 -0.155565858 0.014685624 -0.003582549 0.999885678 15.016229630
0.999880910 -0.002806039 -0.015172476 -0.210681736 0.002870933 0.999986827 0.004257015 -0.173460051 0.015160333 -0.004300067 0.999875784 16.481954575
0.999874175 -0.001380603 -0.015803186 -0.244700134 0.001455742 0.999987662 0.004744157 -0.184586525 0.015796447 -0.004766565 0.999863863 17.952903748
0.999863505 -0.000404097 -0.016514277 -0.271058947 0.000502228 0.999982238 0.005938513 -0.204438627 0.016511591 -0.005945997 0.999845982 19.443313599
0.999856174 -0.000407609 -0.016951606 -0.296820104 0.000505558 0.999983191 0.005774336 -0.215328753 0.016948972 -0.005782076 0.999839604 20.911542892
0.999852180 0.000707666 -0.017181989 -0.340589821 -0.000603793 0.999981523 0.006049915 -0.223794103 0.017185958 -0.006038646 0.999834061 22.370107651
0.999849617 0.001064576 -0.017301871 -0.368498355 -0.000955836 0.999979675 0.006291942 -0.231963500 0.017308220 -0.006274458 0.999830484 23.810922623
0.999850988 0.002025323 -0.017138591 -0.405999422 -0.001895358 0.999969304 0.007596077 -0.245369136 0.017153451 -0.007562462 0.999824226 25.253730774
0.999848664 0.002430969 -0.017217694 -0.431537300 -0.002323365 0.999977648 0.006266910 -0.254272580 0.017232543 -0.006225959 0.999832153 26.703077316
0.999843061 0.003103109 -0.017436530 -0.467678934 -0.003032171 0.999987006 0.004093361 -0.261106789 0.017449006 -0.004039847 0.999839544 28.134258270
0.999860764 0.001217219 -0.016638832 -0.500395477 -0.001151938 0.999991655 0.003932424 -0.277248412 0.016643478 -0.003912710 0.999853849 29.566883087
0.999865949 0.000512110 -0.016361479 -0.530898094 -0.000403934 0.999978065 0.006614289 -0.293281496 0.016364502 -0.006606793 0.999844253 30.976732254
0.999871433 -0.001201709 -0.015986292 -0.562891066 0.001328414 0.999967813 0.007917560 -0.304891348 0.015976263 -0.007937778 0.999840915 32.404159546
0.999875486 -0.001679165 -0.015685916 -0.594038367 0.001790301 0.999973416 0.007073746 -0.312044472 0.015673622 -0.007100949 0.999852002 33.806724548
0.999882758 -0.002210906 -0.015148415 -0.621063471 0.002292893 0.999982774 0.005396979 -0.326827228 0.015136224 -0.005431080 0.999870658 35.208862305
0.999888837 -0.000825724 -0.014885332 -0.649652719 0.000891877 0.999989808 0.004438074 -0.339889586 0.014881516 -0.004450856 0.999879301 36.559570312
0.999901295 -0.000716486 -0.014028307 -0.674511552 0.000770586 0.999992192 0.003851497 -0.361670732 0.014025438 -0.003861928 0.999894142 37.924659729
0.999918401 -0.000289954 -0.012766903 -0.699212253 0.000353644 0.999987483 0.004986817 -0.377743155 0.012765298 -0.004990926 0.999906123 39.260387421
0.999934614 0.000174470 -0.011421112 -0.721259654 -0.000095106 0.999975860 0.006949094 -0.393189281 0.011422053 -0.006947554 0.999910593 40.603706360
0.999951541 -0.000489871 -0.009825050 -0.740792632 0.000567965 0.999968290 0.007947270 -0.407670408 0.009820848 -0.007952465 0.999920130 41.892562866
0.999970376 0.000152241 -0.007684586 -0.746829689 -0.000084659 0.999961376 0.008794126 -0.422415465 0.007685625 -0.008793217 0.999931753 43.200340271
0.999990642 -0.000280124 -0.004283758 -0.762660921 0.000314822 0.999967158 0.008101507 -0.433031380 0.004281345 -0.008102782 0.999958038 44.471660614
0.999999285 -0.000785441 -0.000754968 -0.779104292 0.000790108 0.999980450 0.006202179 -0.446699113 0.000750079 -0.006202771 0.999980509 45.711364746
0.999994099 -0.001105148 0.003239796 -0.785225630 0.001090224 0.999988794 0.004604373 -0.457468152 -0.003244848 -0.004600814 0.999984026 46.929405212
0.999976277 -0.000677055 0.006844627 -0.777223349 0.000642055 0.999986827 0.005114298 -0.470168531 -0.006847998 -0.005109783 0.999963462 48.140029907
0.999921978 -0.000687550 0.012468439 -0.773076057 0.000622450 0.999986231 0.005224258 -0.487334162 -0.012471857 -0.005216090 0.999908447 49.373847961
0.999814391 0.001150373 0.019229377 -0.760436654 -0.001230366 0.999990642 0.004148607 -0.496773005 -0.019224424 -0.004171497 0.999806523 50.563022614
0.999646604 0.002425513 0.026469180 -0.741678119 -0.002534978 0.999988437 0.004102763 -0.510381520 -0.026458921 -0.004168413 0.999641180 51.742221832
0.999392033 0.003184716 0.034718666 -0.698874354 -0.003364087 0.999981284 0.005109193 -0.520580113 -0.034701739 -0.005222885 0.999384046 52.925231934
0.998957276 0.005561498 0.045315877 -0.657197952 -0.005835934 0.999965429 0.005925985 -0.534352601 -0.045281358 -0.006184267 0.998955071 54.097869873
0.998270333 0.008006874 0.058241569 -0.606810570 -0.008362704 0.999947786 0.005868354 -0.549150944 -0.058191560 -0.006345262 0.998285294 55.207298279
0.997292340 0.009881326 0.072871879 -0.536228180 -0.010354391 0.999927700 0.006116793 -0.558389664 -0.072806180 -0.006854776 0.997322559 56.336231232
0.995960474 0.012302696 0.088944361 -0.439340591 -0.013038713 0.999885380 0.007698714 -0.577156186 -0.088839449 -0.008827337 0.996006846 57.454113007
0.994237840 0.012320511 0.106485263 -0.325462818 -0.013309039 0.999874592 0.008577570 -0.586430311 -0.106366239 -0.009945363 0.994277239 58.564834595
0.991984904 0.012160018 0.125769690 -0.204853535 -0.013249763 0.999881566 0.007831690 -0.600025296 -0.125659570 -0.009435337 0.992028534 59.647769928
0.989221990 0.011280593 0.145988196 -0.048354149 -0.012373214 0.999901891 0.006578433 -0.600884736 -0.145899653 -0.008313875 0.989264548 60.740451813
0.985957801 0.008310826 0.166788355 0.124650002 -0.009569109 0.999931514 0.006741942 -0.623048902 -0.166720927 -0.008243286 0.985969603 61.762851715
0.982086062 0.003152667 0.188406482 0.324676514 -0.004920664 0.999948204 0.008916940 -0.629598320 -0.188368589 -0.009684287 0.982050598 62.801029205
0.977348387 -0.002276872 0.211624950 0.549063683 0.000111810 0.999947548 0.010242053 -0.638347208 -0.211637184 -0.009986391 0.977297306 63.843925476
0.971922040 -0.007259480 0.235191032 0.799857140 0.005082021 0.999938488 0.009863066 -0.648327708 -0.235248104 -0.008390886 0.971899211 64.855369568
0.965429366 -0.013545314 0.260312378 1.073621750 0.011852896 0.999897122 0.008070263 -0.658736885 -0.260394931 -0.004705814 0.965490699 65.835014343
0.957961023 -0.017358337 0.286372691 1.377182007 0.015465971 0.999841094 0.008868792 -0.663321435 -0.286481142 -0.004066925 0.958077252 66.818420410
0.949343503 -0.019372964 0.313642323 1.686328888 0.016687904 0.999797523 0.011243654 -0.670811832 -0.313796639 -0.005440057 0.949474573 67.772430420
0.939667344 -0.023934556 0.341251433 2.030509949 0.020384103 0.999694347 0.013986670 -0.672726750 -0.341481924 -0.006186712 0.939867854 68.709892273
0.928718388 -0.026861263 0.369811416 2.399194717 0.023447206 0.999630868 0.013724550 -0.678497791 -0.370043635 -0.004075198 0.929005444 69.627014160
0.916642904 -0.025609650 0.398885757 2.786504745 0.023581693 0.999671996 0.009990975 -0.681474149 -0.399010837 0.000248244 0.916946173 70.524856567
0.903601408 -0.027765824 0.427473515 3.207628250 0.028435642 0.999584079 0.004818501 -0.692610025 -0.427429467 0.007801479 0.904015064 71.381240845
0.889522851 -0.029779278 0.455919325 3.654050827 0.032245617 0.999477208 0.002369928 -0.698893607 -0.455751568 0.012593294 0.890017927 72.228477478
0.873767793 -0.030730577 0.485371560 4.119508743 0.031851176 0.999474883 0.005941666 -0.712233663 -0.485299289 0.010268020 0.874287844 73.066528320
0.856151044 -0.029608423 0.515876770 4.615346909 0.027595563 0.999552250 0.011570973 -0.715211868 -0.515988410 0.004329408 0.856584728 73.885375977
0.836458445 -0.029666096 0.547226608 5.128906250 0.025336314 0.999559402 0.015460223 -0.727240086 -0.547444165 0.000932872 0.836841643 74.686309814
0.815331638 -0.023329396 0.578524113 5.667980194 0.021059718 0.999721646 0.010634404 -0.727193952 -0.578611195 0.003512987 0.815596104 75.455192566
0.793550432 -0.016589619 0.608278275 6.234363556 0.018204663 0.999828041 0.003518865 -0.733387649 -0.608232141 0.008281103 0.793716013 76.195358276
0.771003842 -0.014102218 0.636674225 6.831680298 0.017372269 0.999848425 0.001108873 -0.730737090 -0.636593282 0.010205531 0.771132112 76.933303833
0.747688293 -0.016477430 0.663845360 7.456130981 0.018300146 0.999823689 0.004205375 -0.737165868 -0.663797498 0.009004156 0.747858107 77.630546570
0.723529756 -0.017030450 0.690082908 8.098468781 0.018561402 0.999814153 0.005213218 -0.754472077 -0.690043390 0.009036990 0.723711491 78.294860840
0.697939515 -0.015138083 0.715996623 8.753593445 0.019568456 0.999806345 0.002063636 -0.761996031 -0.715889275 0.012570657 0.698100626 78.941032410
0.671812057 -0.013112169 0.740605474 9.432186127 0.019547096 0.999808848 -0.000030125 -0.771524847 -0.740463614 0.014496922 0.671940088 79.545539856
0.644944847 -0.010392454 0.764158428 10.127883911 0.017566273 0.999844849 -0.001228064 -0.776583433 -0.764027178 0.014215454 0.645027399 80.137107849
0.616950393 -0.008730917 0.786953628 10.842056274 0.017259775 0.999848008 -0.002438307 -0.789081454 -0.786812723 0.015086956 0.617007315 80.695724487
0.587950647 -0.002489244 0.808892906 11.578227997 0.015977230 0.999835849 -0.008536341 -0.804630160 -0.808739066 0.017942814 0.587893844 81.247406006
0.558064878 0.006758292 0.829769731 12.335803986 0.014681126 0.999729872 -0.018016428 -0.821827769 -0.829667389 0.022236293 0.557815015 81.751922607
0.527162611 0.015248483 0.849627554 13.106365204 0.013360906 0.999566674 -0.026229430 -0.844211459 -0.849659324 0.025178974 0.526730537 82.233680725
0.495532572 0.020304926 0.868351936 13.927032471 0.010746545 0.999506891 -0.029504370 -0.866991997 -0.868522882 0.023952158 0.495070070 82.705627441
0.463235289 0.019680271 0.886016786 14.757173538 0.008804107 0.999601901 -0.026806273 -0.899764955 -0.886191607 0.020218197 0.462877572 83.140800476
0.429895699 0.018660294 0.902685642 15.604362488 0.004047040 0.999736547 -0.022593893 -0.928769052 -0.902869463 0.013366222 0.429706931 83.553588867
0.395585537 0.019811992 0.918215334 16.457216263 -0.000346117 0.999770522 -0.021422558 -0.959319174 -0.918429017 0.008156643 0.395501614 83.927062988
0.360376447 0.022735963 0.932529807 17.342422485 -0.007175559 0.999740899 -0.021601630 -0.988573313 -0.932779253 0.001093299 0.360446274 84.286895752
0.325206101 0.024735788 0.945319712 18.245445251 -0.012108847 0.999684870 -0.021992691 -1.014886022 -0.945565522 -0.004294571 0.325403124 84.591392517
0.288588881 0.023797799 0.957157254 19.134452820 -0.014200058 0.999687552 -0.020573821 -1.042965651 -0.957347751 -0.007654313 0.288836688 84.876785278
0.252396911 0.023827348 0.967330337 20.099441528 -0.015395254 0.999669135 -0.020606974 -1.066381693 -0.967501462 -0.009691159 0.252680153 85.138984680
0.216795713 0.023291323 0.975939155 21.045499802 -0.014685794 0.999680102 -0.020595606 -1.091295838 -0.976106584 -0.009867402 0.217068404 85.342681885
0.181737930 0.022245357 0.983095288 22.002214432 -0.012858550 0.999712467 -0.020244299 -1.116520524 -0.983262956 -0.008962025 0.181971669 85.512802124
0.146937966 0.020654719 0.988929987 22.960693359 -0.004281367 0.999785841 -0.020245321 -1.155712962 -0.989136457 -0.001259166 0.146994978 85.652641296
0.113264859 0.023821723 0.993279159 23.927295685 -0.002265588 0.999716103 -0.023717757 -1.188703775 -0.993562222 0.000436028 0.113286704 85.758499146
0.079684094 0.028719183 0.996406317 24.894664764 -0.001753105 0.999587297 -0.028670676 -1.223607898 -0.996818602 0.000537792 0.079701573 85.851646423
0.051005494 0.033299226 0.998143017 25.908943176 0.004833631 0.999424100 -0.033588953 -1.248049259 -0.998686612 0.006537875 0.050815161 85.889198303
0.025459809 0.031406019 0.999182284 26.891418457 0.007054285 0.999475896 -0.031594984 -1.283307791 -0.999650955 0.007852918 0.025224920 85.908912659
0.002726723 0.028094674 0.999601543 27.874652863 0.008223620 0.999570787 -0.028116245 -1.324979544 -0.999962449 0.008297006 0.002494518 85.913909912
-0.015608558 0.025778661 0.999545753 28.906497955 0.009062816 0.999630094 -0.025639316 -1.359934926 -0.999837041 0.008658508 -0.015836414 85.891700745
-0.032010365 0.028758146 0.999073744 29.901403427 0.011069819 0.999534845 -0.028416745 -1.397001505 -0.999426126 0.010149934 -0.032313831 85.855590820
-0.046865243 0.033306263 0.998345733 30.904062271 0.012906719 0.999380767 -0.032734912 -1.427768588 -0.998817801 0.011351242 -0.047266092 85.809318542
-0.059008706 0.038452346 0.997516572 31.895343781 0.017031753 0.999151170 -0.037507832 -1.467739463 -0.998112142 0.014776169 -0.059613533 85.749252319
-0.067725606 0.041966435 0.996820986 32.892944336 0.022571370 0.998923719 -0.040521424 -1.513604045 -0.997448564 0.019755280 -0.068599954 85.674568176
-0.073363610 0.047214955 0.996186912 33.887718201 0.027264377 0.998600364 -0.045321457 -1.567477465 -0.996932507 0.023835473 -0.074548200 85.587745667
-0.076911911 0.051726200 0.995695114 34.884479523 0.029210765 0.998341501 -0.049607303 -1.622442722 -0.996609926 0.025269622 -0.078295320 85.508888245
-0.079897001 0.055927079 0.995232880 35.893363953 0.031162322 0.998076856 -0.053585198 -1.682312250 -0.996315897 0.026732467 -0.081486158 85.426162720
-0.082394548 0.058790356 0.994864166 36.890892029 0.031654645 0.997909307 -0.056348659 -1.744193077 -0.996096909 0.026849251 -0.084083281 85.342033386
-0.084731869 0.062261187 0.994456708 37.902400970 0.032908894 0.997676194 -0.059658796 -1.806531191 -0.995860219 0.027671468 -0.086583920 85.251976013
-0.086586401 0.066297218 0.994035959 38.911003113 0.034029562 0.997397959 -0.063557267 -1.870577693 -0.995662987 0.028323416 -0.088617153 85.156150818
-0.088638388 0.067562871 0.993769825 39.901519775 0.036793914 0.997238040 -0.064516872 -1.942867756 -0.995384097 0.030846002 -0.090879478 85.066001892
-0.090799704 0.066642851 0.993636787 40.916404724 0.036995560 0.997295439 -0.063507549 -2.009170294 -0.995181739 0.030993680 -0.093019620 84.973434448
-0.093215063 0.066003084 0.993455768 41.926376343 0.036282014 0.997362792 -0.062858358 -2.085018635 -0.994984686 0.030185238 -0.095363960 84.885017395
-0.095587224 0.067349665 0.993139863 42.953918457 0.036221530 0.997283101 -0.064144388 -2.154088497 -0.994761825 0.029841671 -0.097767010 84.786865234
-0.097588673 0.069470838 0.992799163 43.964241028 0.035733517 0.997162044 -0.066263668 -2.230237484 -0.994585097 0.029009625 -0.099794142 84.678665161
-0.100218244 0.071687333 0.992379546 44.992465973 0.034117933 0.997062027 -0.068580084 -2.307491779 -0.994380236 0.026984967 -0.102369629 84.577011108
-0.102470197 0.075049147 0.991901100 46.018314362 0.031256817 0.996900439 -0.072198406 -2.388582468 -0.994244874 0.023605488 -0.104498401 84.469253540
-0.104980856 0.079437792 0.991296470 47.054759979 0.027685340 0.996651709 -0.076935008 -2.464362621 -0.994088769 0.019367682 -0.106828615 84.370002747
-0.107363500 0.081726134 0.990855038 48.087249756 0.025621286 0.996512234 -0.079416536 -2.548434973 -0.993889630 0.016860545 -0.109082967 84.253005981
-0.110541210 0.080089785 0.990639329 49.139278412 0.023485854 0.996680021 -0.077957459 -2.635819435 -0.993593991 0.014648500 -0.112055212 84.145248413
-0.112904653 0.076175205 0.990681469 50.175617218 0.020960905 0.997017622 -0.074273564 -2.720273972 -0.993384838 0.012379752 -0.114164598 84.021568298
-0.115283765 0.074523531 0.990533113 51.226413727 0.021203371 0.997139215 -0.072552778 -2.804303408 -0.993106306 0.012638485 -0.116534092 83.903923035
-0.117443569 0.074645236 0.990270197 52.255699158 0.020702241 0.997138321 -0.072707720 -2.894553661 -0.992863655 0.011961758 -0.118652828 83.789276123
-0.118658036 0.077776991 0.989884377 53.302207947 0.021571184 0.996894062 -0.075742006 -2.970785379 -0.992700756 0.012365579 -0.119967267 83.667510986
-0.119222112 0.080202922 0.989622951 54.360206604 0.022568416 0.996693373 -0.078057058 -3.063491344 -0.992610991 0.013028094 -0.120637953 83.537590027
-0.119478792 0.080776125 0.989545286 55.401451111 0.021107784 0.996666431 -0.078808814 -3.153242350 -0.992612302 0.011471130 -0.120785482 83.403053284
-0.119606882 0.079753742 0.989612758 56.457027435 0.017806130 0.996780336 -0.078179292 -3.239327431 -0.992661655 0.008270393 -0.120641880 83.285125732
-0.119861901 0.078903571 0.989650130 57.522964478 0.013831805 0.996872723 -0.077804163 -3.326524734 -0.992694199 0.004362888 -0.120578438 83.164718628
-0.119650707 0.080377519 0.989557028 58.591808319 0.010138233 0.996764362 -0.079737097 -3.411219835 -0.992764294 0.000491758 -0.120078444 83.039802551
-0.119778857 0.080339700 0.989544630 59.672927856 0.006043284 0.996761024 -0.080194071 -3.507603407 -0.992782295 -0.003625458 -0.119876392 82.915725708
-0.120264903 0.079590589 0.989546299 60.751136780 0.002329811 0.996800959 -0.079890944 -3.599327564 -0.992739141 -0.007302622 -0.120065615 82.791801453
-0.120684251 0.074712649 0.989875436 61.831787109 0.002403927 0.997182906 -0.074971095 -3.684332371 -0.992688060 -0.006668245 -0.120523877 82.671684265
-0.120870620 0.066264443 0.990454078 62.922065735 0.005995003 0.997800112 -0.066024303 -3.766824245 -0.992650211 -0.002042626 -0.121001981 82.537757874
-0.120608158 0.060451347 0.990857661 64.009414673 0.011566428 0.998161972 -0.059489090 -3.840223074 -0.992632747 0.004285815 -0.121085674 82.388847351
-0.120262742 0.062865123 0.990749598 65.100028992 0.020168327 0.997941732 -0.060873337 -3.913320541 -0.992537200 0.012660966 -0.121283107 82.254013062
-0.118939325 0.068841480 0.990512073 66.222953796 0.025397513 0.997478068 -0.066275917 -3.981456757 -0.992576659 0.017273728 -0.120387770 82.101081848
-0.117571086 0.074400358 0.990273476 67.300613403 0.029282663 0.997015834 -0.071430273 -4.063046455 -0.992632627 0.020599710 -0.119398855 81.968681335
-0.117330559 0.078782618 0.989963055 68.396362305 0.030045100 0.996673644 -0.075755715 -4.149303913 -0.992638290 0.020855077 -0.119307302 81.850860596
-0.116400316 0.076475106 0.990253747 69.483993530 0.027119357 0.996904254 -0.073800936 -4.220156670 -0.992832065 0.018264592 -0.118113942 81.705215454
-0.115715571 0.072015464 0.990668297 70.607887268 0.026150549 0.997243524 -0.069438890 -4.305669785 -0.992938042 0.017871356 -0.117279835 81.571685791
-0.115523323 0.069875307 0.990843952 71.742813110 0.024329381 0.997422516 -0.067502648 -4.394726753 -0.993006825 0.016308488 -0.116925590 81.441658020
-0.115780398 0.070251994 0.990787327 72.840530396 0.021178253 0.997443438 -0.068249151 -4.461018562 -0.993049026 0.013081233 -0.116972223 81.304359436
-0.115654685 0.075901560 0.990385234 73.976837158 0.022338776 0.997022688 -0.073801614 -4.543447018 -0.993038297 0.013588493 -0.117005892 81.175148010
-0.114137590 0.078183867 0.990383685 75.126281738 0.023662241 0.996829689 -0.075965740 -4.656383514 -0.993183076 0.014764153 -0.115625739 81.033828735
-0.113389522 0.076953277 0.990565956 76.276557922 0.023828667 0.996919870 -0.074719235 -4.745440483 -0.993264794 0.015131488 -0.114873968 80.901054382
-0.114091083 0.070246190 0.990983605 77.389144897 0.025042230 0.997383416 -0.067816742 -4.826305866 -0.993154585 0.017079158 -0.115551695 80.804817200
-0.114491589 0.068713658 0.991044879 78.546241760 0.024026144 0.997504652 -0.066385895 -4.910186768 -0.993133545 0.016210362 -0.115856819 80.675048828
-0.113689698 0.071934730 0.990908623 79.706703186 0.021400113 0.997321248 -0.069944970 -4.992548466 -0.993285835 0.013253536 -0.114924558 80.527717590
-0.113454662 0.075218052 0.990691841 80.856887817 0.020402882 0.997096241 -0.073367774 -5.074982643 -0.993333697 0.011889054 -0.114659891 80.405937195
-0.113771379 0.074868761 0.990681887 82.047187805 0.018782981 0.997140408 -0.073199794 -5.156935692 -0.993329406 0.010279917 -0.114852302 80.274765015
-0.113261029 0.071539886 0.990986288 83.232879639 0.018115936 0.997387230 -0.069931485 -5.243464470 -0.993400097 0.010032131 -0.114261113 80.137245178
-0.112742938 0.070901945 0.991091251 84.420227051 0.018672844 0.997425795 -0.069230974 -5.330393791 -0.993448734 0.010701184 -0.113776699 80.009033203
-0.111156464 0.070530377 0.991297007 85.595924377 0.020943671 0.997423291 -0.068617791 -5.433327675 -0.993582189 0.013134090 -0.112347193 79.871849060
-0.110044219 0.071316272 0.991364896 86.790222168 0.023000646 0.997338116 -0.069192857 -5.511902332 -0.993660569 0.015187761 -0.111391611 79.738388062
-0.109314866 0.070075385 0.991533995 87.981307983 0.022659540 0.997428477 -0.067993775 -5.609252930 -0.993748844 0.015034979 -0.110621616 79.620590210
-0.107652634 0.070673622 0.991673350 89.167610168 0.024123508 0.997362137 -0.068460271 -5.690237522 -0.993895888 0.016552711 -0.109073579 79.468368530
-0.106185682 0.069130264 0.991940260 90.369598389 0.024132458 0.997465551 -0.066931985 -5.773386002 -0.994053364 0.016830739 -0.107584871 79.338066101
-0.104632646 0.068235703 0.992167175 91.579437256 0.023263805 0.997538269 -0.066151731 -5.857788563 -0.994238794 0.016159957 -0.105962485 79.202308655
-0.103152275 0.067481995 0.992373705 92.788841248 0.024312874 0.997568905 -0.065308057 -5.944547653 -0.994368315 0.017390791 -0.104542181 79.080795288
-0.101064116 0.068111598 0.992545545 94.017303467 0.022470519 0.997555435 -0.066167369 -6.033908844 -0.994626164 0.015615872 -0.102347560 78.951629639
-0.100847870 0.071047582 0.992361784 95.225410461 0.022143055 0.997360170 -0.069155194 -6.117341042 -0.994655371 0.014999768 -0.102154881 78.844398499
-0.100347966 0.069635198 0.992512524 96.445487976 0.019399103 0.997495115 -0.068023451 -6.204461098 -0.994763196 0.012427840 -0.101447470 78.736999512
-0.099170223 0.068484262 0.992711008 97.691650391 0.016194068 0.997607827 -0.067204326 -6.302758217 -0.994938731 0.009411362 -0.100042015 78.610679626
-0.099386342 0.069321848 0.992631257 98.929527283 0.013462576 0.997572720 -0.068319015 -6.391774178 -0.994957924 0.006573397 -0.100078337 78.496177673
-0.099341840 0.068940505 0.992662251 100.144691467 0.009699390 0.997616649 -0.068313919 -6.479357243 -0.995006084 0.002841787 -0.099773765 78.371849060
-0.100274839 0.066253856 0.992751360 101.389984131 0.006612241 0.997802734 -0.065923095 -6.570485592 -0.994937778 -0.000046116 -0.100492597 78.250190735
-0.101747870 0.064744070 0.992701173 102.648223877 0.004877509 0.997900426 -0.064583234 -6.663806438 -0.994798243 -0.001729299 -0.101850033 78.131500244
-0.103842586 0.064022198 0.992531061 103.911026001 0.002819628 0.997941136 -0.064076141 -6.751056671 -0.994589746 -0.003855266 -0.103809305 78.017997742
-0.104860239 0.063888788 0.992432535 105.163475037 0.002852942 0.997949600 -0.063942485 -6.845347404 -0.994482934 -0.003873671 -0.104827486 77.882278442
-0.107628860 0.062386379 0.992231786 106.419197083 0.002380801 0.998042643 -0.062493481 -6.932410240 -0.994188309 -0.004363795 -0.107566707 77.756500244
-0.110406488 0.057758309 0.992206752 107.690406799 -0.000509096 0.998306572 -0.058170039 -7.018395424 -0.993886352 -0.006927479 -0.110190138 77.622047424
-0.114758387 0.057702623 0.991716146 108.948348999 -0.001056897 0.998303950 -0.058208231 -7.099356174 -0.993392825 -0.007728025 -0.114502773 77.481346130
-0.119953796 0.063788481 0.990728021 110.177673340 -0.005011240 0.997882009 -0.064855844 -7.184487343 -0.992766857 -0.012744480 -0.119380094 77.337715149
-0.127974004 0.066768229 0.989527524 111.403396606 -0.004293586 0.997684658 -0.067873925 -7.270003796 -0.991768301 -0.012934716 -0.127391040 77.198616028
-0.135974914 0.062853619 0.988716424 112.652198792 -0.002369739 0.997961938 -0.063767277 -7.364730358 -0.990709364 -0.011013752 -0.135548860 77.022735596
-0.146772757 0.061144430 0.987278581 113.884307861 -0.000272329 0.998085082 -0.061854187 -7.449693680 -0.989170194 -0.009347374 -0.146475062 76.841033936
-0.159955993 0.061873201 0.985183060 115.094963074 0.000080194 0.998034418 -0.062667288 -7.541016102 -0.987124145 -0.009945001 -0.159646586 76.653572083
-0.173795864 0.061989933 0.982828677 116.312950134 0.002357000 0.998040080 -0.062532581 -7.630158424 -0.984778821 -0.008551372 -0.173601374 76.437919617
-0.188561574 0.059592526 0.980251610 117.536499023 0.001926905 0.998177707 -0.060311642 -7.719563484 -0.982059598 -0.009483607 -0.188332811 76.218612671
-0.203545004 0.062310781 0.977080822 118.739433289 0.006333378 0.998035669 -0.062327761 -7.806266785 -0.979045093 -0.006498286 -0.203539833 75.963531494
-0.219193339 0.065408610 0.973486423 119.906417847 0.006101749 0.997822762 -0.065669879 -7.896385193 -0.975662351 -0.008454427 -0.219115168 75.714454651
-0.234489039 0.069448844 0.969634831 121.072830200 0.005522761 0.997523904 -0.070110783 -7.981591702 -0.972103119 -0.011085149 -0.234291941 75.437614441
-0.250090331 0.067221478 0.965886116 122.234603882 0.002454803 0.997627795 -0.068794951 -8.081279755 -0.968219340 -0.014833893 -0.249662057 75.144577026
-0.266327620 0.061478481 0.961919844 123.397331238 -0.003095706 0.997904122 -0.064635426 -8.172709465 -0.963877618 -0.020192022 -0.265579104 74.842681885
-0.282345295 0.057447337 0.957591116 124.576797485 -0.007190635 0.998050570 -0.061994694 -8.258326530 -0.959285915 -0.024389608 -0.281381696 74.522071838
-0.297650158 0.058676638 0.952870011 125.724472046 -0.009123382 0.997888982 -0.064298734 -8.344972610 -0.954631448 -0.027831936 -0.296486467 74.180984497
-0.311668009 0.061093371 0.948224962 126.872360229 -0.008936295 0.997698307 -0.067218117 -8.428475380 -0.950149059 -0.029423354 -0.310404688 73.809585571
-0.325652868 0.063358195 0.943364143 128.005828857 -0.007453698 0.997549176 -0.069570422 -8.519033432 -0.945460081 -0.029687356 -0.324382484 73.429916382
-0.340191633 0.062764503 0.938259125 129.132461548 -0.005565866 0.997618198 -0.068753347 -8.619630814 -0.940339684 -0.028611541 -0.339031994 73.038002014
-0.354083210 0.060698420 0.933242023 130.256195068 -0.006008370 0.997723341 -0.067171946 -8.711760521 -0.935194612 -0.029391721 -0.352912396 72.621520996
-0.368581921 0.059506252 0.927688658 131.371231079 -0.005677604 0.997786343 -0.066258408 -8.805866241 -0.929578006 -0.029688705 -0.367428154 72.185058594
-0.383322984 0.060996484 0.921597898 132.471237183 -0.007144451 0.997591197 -0.068997741 -8.895950317 -0.923586786 -0.033032734 -0.381963849 71.738662720
-0.398636192 0.062828965 0.914954424 133.560729980 -0.006525941 0.997431099 -0.071335830 -8.987640381 -0.917085886 -0.034407984 -0.397202104 71.287933350
-0.413338065 0.064803012 0.908268690 134.654464722 -0.005225759 0.997279286 -0.073531874 -9.078495026 -0.910562634 -0.035139922 -0.411874801 70.800552368
-0.427566856 0.067330077 0.901472747 135.730392456 -0.002244022 0.997140288 -0.075539708 -9.175145149 -0.903980911 -0.034321204 -0.426193058 70.288894653
-0.442408562 0.070450038 0.894042134 136.804397583 -0.002532442 0.996807635 -0.079801045 -9.274427414 -0.896809995 -0.037568789 -0.440817863 69.771163940
-0.457448155 0.072753377 0.886255085 137.869796753 -0.001946545 0.996563137 -0.082813390 -9.376447678 -0.889234185 -0.039607972 -0.455734402 69.227355957
-0.472939491 0.070085533 0.878303051 138.938858032 -0.003234539 0.996686459 -0.081273831 -9.479640961 -0.881088972 -0.041278504 -0.471145838 68.668846130
-0.488627702 0.065797865 0.870007753 140.008026123 -0.005714256 0.996889651 -0.078603148 -9.580911636 -0.872473657 -0.043379124 -0.486731946 68.081642151
-0.504840851 0.066066392 0.860680461 141.069610596 -0.006226974 0.996762335 -0.080164596 -9.681152344 -0.863190055 -0.045829795 -0.502794802 67.477722168
-0.520728886 0.065360531 0.851216376 142.115936279 -0.007071928 0.996700525 -0.080857739 -9.778584480 -0.853692770 -0.048124708 -0.518548608 66.849029541
-0.536109686 0.064489760 0.841681302 143.151397705 -0.007519133 0.996673167 -0.081154600 -9.880138397 -0.844114780 -0.049836487 -0.533841312 66.189048767
-0.552175820 0.063948393 0.831271470 144.185821533 -0.008588593 0.996564806 -0.082369164 -9.987915993 -0.833683372 -0.052621722 -0.549729824 65.529273987
-0.567726731 0.063175932 0.820789278 145.207702637 -0.009113272 0.996507466 -0.083004422 -10.094132423 -0.823166549 -0.054603908 -0.565168321 64.837844849
-0.582415462 0.061152089 0.810587764 146.218856812 -0.008771441 0.996635497 -0.081490219 -10.195979118 -0.812843859 -0.054571185 -0.579919636 64.110816956
-0.597351849 0.057509944 0.799914539 147.223602295 -0.008666569 0.996904314 -0.078144476 -10.305772781 -0.801932454 -0.053612258 -0.595004380 63.375530243
-0.612254858 0.055835497 0.788686454 148.221099854 -0.007975615 0.997016490 -0.076775782 -10.408941269 -0.790620208 -0.053296600 -0.609982908 62.605960846
-0.626574576 0.054503024 0.777453303 149.198684692 -0.008459490 0.997017324 -0.076713242 -10.508745193 -0.779315472 -0.054643426 -0.624244750 61.822174072
-0.641780436 0.055392239 0.764885426 150.181091309 -0.009982315 0.996700108 -0.080555715 -10.618939400 -0.766823530 -0.059334412 -0.639109552 61.031448364
-0.657028556 0.054678749 0.751879990 151.136932373 -0.012160413 0.996467650 -0.083092175 -10.728162766 -0.753767610 -0.063737094 -0.654042780 60.214416504
-0.672851801 0.051295135 0.737996817 152.090209961 -0.014102129 0.996522486 -0.082121499 -10.839080811 -0.739642918 -0.065662928 -0.669788718 59.374626160
-0.689083159 0.043581747 0.723370552 153.022048950 -0.017720977 0.996878147 -0.076941088 -10.949547768 -0.724465549 -0.065837644 -0.686159670 58.511142731
-0.705808759 0.041314397 0.707196593 153.948394775 -0.018577304 0.996874988 -0.076778263 -11.052353859 -0.708158731 -0.067328580 -0.702835679 57.611240387
-0.723210335 0.038612857 0.689547420 154.852828979 -0.020170219 0.996829033 -0.076974712 -11.157409668 -0.690333188 -0.069577239 -0.720138192 56.678833008
-0.740792096 0.034730591 0.670835793 155.741638184 -0.023625920 0.996697545 -0.077690825 -11.258594513 -0.671318710 -0.073401846 -0.737525165 55.737834930
-0.757571161 0.033034880 0.651915967 156.598907471 -0.022731014 0.996777713 -0.076925233 -11.368531227 -0.652356625 -0.073095053 -0.754379153 54.774772644
-0.773339510 0.034781050 0.633037269 157.436126709 -0.021050008 0.996534765 -0.080468163 -11.482898712 -0.633642495 -0.075554647 -0.769927740 53.767353058
-0.788551569 0.034417875 0.614004612 158.239028931 -0.017751411 0.996742606 -0.078669883 -11.585539818 -0.614712358 -0.072934702 -0.785372078 52.763267517
-0.803253651 0.035676006 0.594567657 159.022583008 -0.013556140 0.996851087 -0.078128517 -11.703291893 -0.595482826 -0.070817068 -0.800240695 51.735988617
-0.817718983 0.036592826 0.574453413 159.770065308 -0.011750685 0.996708155 -0.080217354 -11.819391251 -0.575497866 -0.072345458 -0.814597070 50.680431366
-0.831701219 0.037917756 0.553927064 160.495498657 -0.010991786 0.996345401 -0.084706217 -11.932481766 -0.555114567 -0.076538906 -0.828244865 49.629138947
-0.844316363 0.038798779 0.534438372 161.190811157 -0.007942048 0.996359527 -0.084880024 -12.044660568 -0.535786033 -0.075910121 -0.840934634 48.529506683
-0.856073439 0.036726285 0.515547276 161.864532471 -0.006939126 0.996565580 -0.082515322 -12.158812523 -0.516807258 -0.074216641 -0.852878749 47.433822632
-0.866604507 0.039177049 0.497455180 162.519699097 -0.003333114 0.996436417 -0.084280819 -12.283093452 -0.498984396 -0.074696220 -0.863385797 46.305969238
-0.876114130 0.042085357 0.480263442 163.148727417 -0.000479643 0.996105969 -0.088163465 -12.394927979 -0.482103735 -0.077471606 -0.872682214 45.174922943
-0.885235250 0.039424192 0.463469625 163.757202148 -0.002537805 0.995977521 -0.089568235 -12.520520210 -0.465136498 -0.080465168 -0.881574392 44.044250488
-0.893570006 0.036816556 0.447411478 164.349761963 -0.003365854 0.996054053 -0.088685460 -12.648456573 -0.448911160 -0.080752596 -0.889920175 42.903095245
-0.900752842 0.034983490 0.432920784 164.919509888 -0.004037566 0.996033430 -0.088888258 -12.771059990 -0.434313148 -0.081814289 -0.897038698 41.746238708
-0.907463014 0.033260815 0.418813229 165.467010498 -0.004316193 0.996070683 -0.088456862 -12.892237663 -0.420109838 -0.082079016 -0.903753698 40.586715698
-0.913943291 0.030364929 0.404704273 166.007354736 -0.005658251 0.996146798 -0.087518856 -13.019468307 -0.405802310 -0.082277171 -0.910249949 39.431266785
-0.919570088 0.025027063 0.392128050 166.516464233 -0.008464707 0.996476114 -0.083449177 -13.137859344 -0.392834812 -0.080056608 -0.916117787 38.249580383
-0.925009966 0.021319665 0.379344106 167.055572510 -0.010196675 0.996671855 -0.080878377 -13.249910355 -0.379805893 -0.078681350 -0.921714008 37.023735046
-0.929401100 0.022049485 0.368411988 167.543853760 -0.007302115 0.996919811 -0.078086928 -13.355809212 -0.368998945 -0.075264260 -0.926377416 35.812084198
-0.932630360 0.026213828 0.359879732 167.988586426 -0.002746490 0.996812999 -0.079725944 -13.468187332 -0.360822737 -0.075343229 -0.929586112 34.654502869
-0.934803128 0.031137167 0.353798866 168.448760986 0.002758378 0.996756136 -0.080434494 -13.590167999 -0.355155617 -0.074214488 -0.931856632 33.453857422
-0.936607242 0.034436729 0.348684818 168.889923096 0.005657145 0.996514976 -0.083221860 -13.698404312 -0.350335538 -0.075973630 -0.933537900 32.261520386
-0.938366830 0.031419091 0.344210148 169.344055176 0.003367695 0.996643782 -0.081791654 -13.814870834 -0.345624715 -0.075591370 -0.935323298 31.049751282
-0.940377235 0.025030684 0.339210957 169.801284790 -0.001520619 0.996969223 -0.077782795 -13.932867050 -0.340129852 -0.073660977 -0.937489033 29.843675613
-0.942183375 0.018927604 0.334562629 170.245574951 -0.007001103 0.997073710 -0.076124869 -14.038743973 -0.335024506 -0.074065894 -0.939293802 28.633579254
-0.943905532 0.012322867 0.329985410 170.683761597 -0.014006118 0.996910155 -0.077292040 -14.151475906 -0.329918265 -0.077578202 -0.940816462 27.444780350
-0.945459485 0.008374808 0.325631887 171.125503540 -0.018866438 0.996583462 -0.080408745 -14.251831055 -0.325192750 -0.082166731 -0.942071319 26.260765076
-0.946221173 0.008386692 0.323411733 171.548568726 -0.019411631 0.996391118 -0.082631901 -14.363893509 -0.322937489 -0.084466003 -0.942643583 25.054456711
-0.946387887 0.009001150 0.322907031 171.967346191 -0.019415593 0.996219575 -0.084673911 -14.479968071 -0.322448492 -0.086403795 -0.942635357 23.840633392
-0.946350217 0.011523928 0.322937369 172.386062622 -0.017409319 0.996094465 -0.086562373 -14.595652580 -0.322673708 -0.087540440 -0.942453384 22.635848999
-0.945828974 0.012694861 0.324417025 172.804656982 -0.016818324 0.995977819 -0.088007271 -14.717145920 -0.324229419 -0.088695981 -0.941811204 21.411617279
-0.945499480 0.013849187 0.325329185 173.227172852 -0.016291786 0.995831907 -0.089740880 -14.841346741 -0.325216085 -0.090150163 -0.941332757 20.207576752
-0.944728315 0.015428749 0.327490836 173.650283813 -0.014675784 0.995900691 -0.089254811 -14.963699341 -0.327525377 -0.089127749 -0.940629244 19.012622833
-0.943858206 0.014905908 0.330014348 174.079208374 -0.015570938 0.995863914 -0.089514323 -15.087795258 -0.329983592 -0.089627475 -0.939722180 17.794258118
-0.942622602 0.013726368 0.333577871 174.509704590 -0.017151175 0.995844245 -0.089443639 -15.212283134 -0.333419323 -0.090032831 -0.938469768 16.617912292
-0.941093087 0.012051714 0.337932855 174.951095581 -0.018481065 0.996037841 -0.086988799 -15.335968018 -0.337642282 -0.088109903 -0.937141597 15.431480408
-0.939103901 0.009764395 0.343494445 175.394088745 -0.020320173 0.996268988 -0.083875373 -15.460374832 -0.343031794 -0.085747555 -0.935401797 14.254135132
-0.936891615 0.007461625 0.349540204 175.849914551 -0.022045227 0.996521831 -0.080361746 -15.579996109 -0.348924071 -0.082995936 -0.933468640 13.081241608
-0.934015751 0.009548889 0.357103884 176.295120239 -0.020711770 0.996513665 -0.080818824 -15.686611176 -0.356630594 -0.082882337 -0.930561781 11.918991089
-0.930982113 0.009798189 0.364933252 176.763442993 -0.021181725 0.996505797 -0.080792181 -15.799203873 -0.364449769 -0.082945995 -0.927521706 10.761573792
-0.927091539 0.012478839 0.374626994 177.239807129 -0.019921856 0.996392667 -0.082490616 -15.921977997 -0.374304950 -0.083939634 -0.923498809 9.578067780
-0.922825217 0.013656960 0.384976268 177.715515137 -0.019266985 0.996484280 -0.081534900 -16.029294968 -0.384736359 -0.082659818 -0.919317842 8.444839478
-0.918207109 0.014993923 0.395816594 178.216751099 -0.019409152 0.996379852 -0.082768805 -16.142644882 -0.395624697 -0.083681375 -0.914592028 7.321548462
-0.912311792 0.017373808 0.409127176 178.734588623 -0.018662576 0.996297419 -0.083923951 -16.251304626 -0.409070522 -0.084200189 -0.908609807 6.175689697
-0.905700564 0.020715579 0.423411340 179.256286621 -0.016117841 0.996400297 -0.083226264 -16.366941452 -0.423611343 -0.082202561 -0.902106524 5.009986877
-0.900019467 0.020096097 0.435385793 179.822723389 -0.016513523 0.996646941 -0.080138594 -16.481922150 -0.435536355 -0.079316072 -0.896669924 3.882438660
-0.893080592 0.023099111 0.449302971 180.379653931 -0.014406922 0.996700585 -0.079878017 -16.604507446 -0.449665636 -0.077810623 -0.889801264 2.749160767
-0.885667443 0.025499318 0.463619322 180.949951172 -0.012976543 0.996741593 -0.079610862 -16.702304840 -0.464138716 -0.076524928 -0.882450640 1.627197266
-0.878412783 0.026683196 0.477157235 181.557220459 -0.012160723 0.996868789 -0.078133106 -16.802223206 -0.477748036 -0.074435696 -0.875337720 0.520080566
-0.870561719 0.028944403 0.491207123 182.163330078 -0.008967368 0.997169435 -0.074651055 -16.911542892 -0.491977423 -0.069393180 -0.867837965 -0.558593750
-0.862263322 0.031917732 0.505453467 182.778839111 -0.005691368 0.997338593 -0.072687678 -17.016473770 -0.506428361 -0.065552644 -0.859786689 -1.616889954
-0.853114247 0.035330690 0.520526469 183.417297363 -0.001826798 0.997496009 -0.070698969 -17.123889923 -0.521720886 -0.061265215 -0.850913525 -2.674468994
-0.842904627 0.038038775 0.536716700 184.069824219 0.000699040 0.997574449 -0.069603369 -17.222175598 -0.538062453 -0.058293819 -0.840886772 -3.696281433
-0.831948340 0.040979754 0.553337634 184.743850708 0.003502724 0.997636855 -0.068617828 -17.316579819 -0.554841995 -0.055148292 -0.830125868 -4.716857910
-0.820519567 0.043080505 0.569992602 185.435424805 0.004773187 0.997637510 -0.068531118 -17.406167984 -0.571598470 -0.053510435 -0.818786740 -5.724136353
-0.808448017 0.044548221 0.586879194 186.132141113 0.006291961 0.997728646 -0.067067131 -17.513223648 -0.588533878 -0.050527677 -0.806892037 -6.706977844
-0.795765281 0.046949584 0.603782415 186.856536865 0.008297407 0.997742057 -0.066647828 -17.606147766 -0.605548263 -0.048026197 -0.794358075 -7.668968201
-0.782033980 0.048010420 0.621383607 187.615203857 0.009615039 0.997839212 -0.064995892 -17.688756943 -0.623161554 -0.044854373 -0.780805826 -8.625801086
-0.766492784 0.049448103 0.640346587 188.377517700 0.011664260 0.997939050 -0.063099623 -17.785125732 -0.642147005 -0.040896233 -0.765489876 -9.563064575
