1.000000000 0.000000000 0.000000000 0.000000000 0.000000000 1.000000000 0.000000000 0.000000000 0.000000000 0.000000000 1.000000000 0.000000000
0.999933660 -0.002500698 0.011244967 0.015731597 0.002489801 0.999996424 0.000982961 -0.003719119 -0.011247384 -0.000954898 0.999936283 0.295375675
0.999828577 -0.004544378 0.017948115 0.025572006 0.004523701 0.999989033 0.001192498 -0.008767346 -0.017953338 -0.001111102 0.999838233 0.582519352
0.999777257 -0.007469675 0.019740621 0.039480757 0.007471318 0.999972105 -0.000009515 -0.012978792 -0.019740000 0.000157002 0.999805152 0.886433721
0.999818385 -0.008644517 0.016983921 0.054319166 0.008677473 0.999960601 -0.001867723 -0.008766344 -0.016967107 0.002014762 0.999854028 1.203720093
0.999883771 -0.011430356 0.010090061 0.056140933 0.011465684 0.999928296 -0.003450337 -0.010141756 -0.010049900 0.003565625 0.999943137 1.520279527
0.999910414 -0.013189489 -0.002247864 0.060111012 0.013176428 0.999896765 -0.005728597 -0.008504387 0.002323188 0.005698465 0.999981046 1.859947562
0.999742568 -0.012402929 -0.018998282 0.042318743 0.012287426 0.999905407 -0.006184299 -0.010257881 0.019073188 0.005949267 0.999800384 2.198346138
0.999218345 -0.007830922 -0.038749211 0.014637157 0.007607211 0.999953568 -0.005917383 -0.019748645 0.038793750 0.005617984 0.999231458 2.537937880
0.998284817 -0.004358444 -0.058381490 -0.030621961 0.003942256 0.999966025 -0.007242041 -0.021954142 0.058411069 0.006999466 0.998268068 2.892725229
0.996890545 -0.004133664 -0.078690529 -0.072082043 0.003534210 0.999963760 -0.007755613 -0.025443958 0.078719728 0.007453388 0.996868968 3.257960320
0.994956255 -0.005614140 -0.100152016 -0.115617871 0.004884076 0.999959707 -0.007533258 -0.025211895 0.100190267 0.007006112 0.994943678 3.631734133
0.992805243 -0.007386758 -0.119512141 -0.178633153 0.006714604 0.999959290 -0.006025856 -0.039398108 0.119551793 0.005180025 0.992814481 4.013713837
0.990473568 -0.006199952 -0.137562960 -0.247393757 0.005481508 0.999969363 -0.005600868 -0.043300815 0.137593478 0.004793460 0.990477264 4.415780544
0.988130331 -0.004993082 -0.153536588 -0.321740955 0.004295057 0.999978840 -0.004877660 -0.050910294 0.153557703 0.004160315 0.988130987 4.818538666
0.986005783 -0.003824080 -0.166667283 -0.409601063 0.003002960 0.999982059 -0.005178439 -0.055221818 0.166684106 0.004605475 0.985999525 5.237881184
0.983810842 -0.005652307 -0.179120764 -0.492291927 0.004613557 0.999970019 -0.006215197 -0.059263736 0.179150522 0.005288195 0.983807445 5.669052124
0.981998444 -0.009484100 -0.188650429 -0.586995602 0.008039753 0.999932289 -0.008419972 -0.068123415 0.188717484 0.006751698 0.982008159 6.122914314
0.980398953 -0.008516890 -0.196838424 -0.681393862 0.006647962 0.999926329 -0.010153547 -0.077429548 0.196910381 0.008645952 0.980383396 6.578076839
0.978911996 -0.007963970 -0.204127088 -0.789158225 0.005637829 0.999912322 -0.011974574 -0.083345123 0.204204574 0.010571219 0.978871167 7.044119835
0.977175713 -0.008798662 -0.212250218 -0.899992943 0.005750424 0.999871314 -0.014974563 -0.091786101 0.212354675 0.013412249 0.977100670 7.527490616
0.975461185 -0.012669259 -0.219806731 -1.018183112 0.009226155 0.999818146 -0.016683752 -0.102692701 0.219978139 0.014246380 0.975400805 8.022018433
0.973427474 -0.019269587 -0.228183508 -1.124742985 0.015506068 0.999712646 -0.018274855 -0.111659005 0.228470132 0.014251013 0.973446608 8.539826393
0.971360803 -0.019582188 -0.236800969 -1.245429277 0.015188935 0.999677300 -0.020362807 -0.132043108 0.237123296 0.016182879 0.971344769 9.044304848
0.969210565 -0.015650783 -0.245735630 -1.394479632 0.009745182 0.999634147 -0.025230061 -0.138393745 0.246040583 0.022058506 0.969008505 9.571680069
0.967068315 -0.012544865 -0.254207700 -1.555797458 0.005604918 0.999591947 -0.028006267 -0.158209160 0.254455328 0.025659159 0.966744065 10.112192154
0.964679062 -0.015108045 -0.262994379 -1.710293651 0.007389124 0.999513149 -0.030314550 -0.173593909 0.263324291 0.027300514 0.964321017 10.687394142
0.962145567 -0.018326787 -0.271919191 -1.859926820 0.009966771 0.999435306 -0.032093920 -0.197699785 0.272353768 0.028168863 0.961784780 11.249448776
0.959910393 -0.017941767 -0.279732257 -2.037311316 0.008655766 0.999370813 -0.034396168 -0.221208155 0.280173361 0.030595938 0.959461689 11.824470520
0.957686186 -0.016838105 -0.287321389 -2.231646061 0.006129000 0.999253869 -0.038131114 -0.247818112 0.287749082 0.034756653 0.957074940 12.413056374
0.955302179 -0.017350409 -0.295121580 -2.416556358 0.004808528 0.999056160 -0.043170117 -0.279408067 0.295592099 0.039821405 0.954483926 13.010226250
0.953484356 -0.018998306 -0.300843388 -2.612593174 0.003945278 0.998713076 -0.050564833 -0.314434201 0.301416874 0.047025867 0.952332139 13.615426064
0.952093780 -0.019508950 -0.305183560 -2.820695162 0.001531691 0.998254776 -0.059035257 -0.350443542 0.305802613 0.055739645 0.950461924 14.231937408
0.950847745 -0.019487578 -0.309044868 -3.032926798 -0.001535333 0.997708857 -0.067636766 -0.390033841 0.309654921 0.064786762 0.948639214 14.856312752
0.949417830 -0.018675454 -0.313459843 -3.251619577 -0.005601681 0.997063756 -0.076370098 -0.443073273 0.313965678 0.074263036 0.946525455 15.494604111
0.948239625 -0.018486165 -0.317016840 -3.483071804 -0.008413251 0.996491313 -0.083273433 -0.496410847 0.317443848 0.081630327 0.944756985 16.116580963
0.946577609 -0.015996812 -0.322078824 -3.720423222 -0.013906360 0.995814741 -0.090329796 -0.547969878 0.322175831 0.089983091 0.942393661 16.787582397
0.944895089 -0.015353530 -0.327012748 -3.961703777 -0.017136892 0.995210290 -0.096242614 -0.613543391 0.326924115 0.096543156 0.940106452 17.456317902
0.943238974 -0.013670658 -0.331833214 -4.214188576 -0.021272421 0.994613886 -0.101442531 -0.689496994 0.331432790 0.102743439 0.937867939 18.128387451
0.941402137 -0.010721468 -0.337115735 -4.464848042 -0.026199093 0.994150400 -0.104778938 -0.758876562 0.336267143 0.107471250 0.935614347 18.808824539
0.939651191 -0.009658307 -0.341997296 -4.734111786 -0.028448129 0.993934333 -0.106231980 -0.837807059 0.340948850 0.109550200 0.933676839 19.509841919
0.937236547 -0.009644423 -0.348560631 -5.000643253 -0.028944008 0.994015872 -0.105330579 -0.919941068 0.347490668 0.108808421 0.931349039 20.213216782
0.935006976 -0.009386797 -0.354505032 -5.279270172 -0.029322607 0.994180143 -0.103662856 -1.008183122 0.353414923 0.107320502 0.929290175 20.926891327
0.932500601 -0.009653771 -0.361039370 -5.570180893 -0.029058278 0.994396627 -0.101641372 -1.092366695 0.359997511 0.105271831 0.926994920 21.646120071
0.929174423 -0.008724829 -0.369538605 -5.857410431 -0.030027026 0.994635880 -0.098983884 -1.167997122 0.368420035 0.103069440 0.923928261 22.353132248
0.925880790 -0.006890386 -0.377753049 -6.172880173 -0.030570120 0.995189130 -0.093080699 -1.249312401 0.376577139 0.097729594 0.921215892 23.090250015
0.922301412 -0.003187077 -0.386458158 -6.496332169 -0.033554513 0.995529532 -0.088289522 -1.327481627 0.385011882 0.094396964 0.918071389 23.839147568
0.918547571 0.000587658 -0.395310074 -6.827561378 -0.037014149 0.995733559 -0.084526315 -1.402399302 0.393573850 0.092273504 0.914650321 24.591442108
0.914752185 0.002089772 -0.404010147 -7.176914215 -0.038849704 0.995807648 -0.082811862 -1.477737308 0.402143329 0.091447994 0.910998344 25.338321686
0.910691023 0.001608384 -0.413085043 -7.519777298 -0.038867794 0.995889664 -0.081810690 -1.550189257 0.411255628 0.090559952 0.907010317 26.074430466
0.906832874 0.001894670 -0.421486080 -7.886868000 -0.039571665 0.995955765 -0.080661945 -1.620573401 0.419628590 0.089825802 0.903240383 26.843856812
0.902652562 0.002308497 -0.430363744 -8.277431488 -0.040144812 0.996077299 -0.078857422 -1.691414356 0.428493530 0.088457733 0.899204373 27.640945435
0.898801744 0.000980023 -0.438354224 -8.654513359 -0.038399316 0.996329308 -0.076506488 -1.766102552 0.436670214 0.085596658 0.895540237 28.401409149
0.895110190 0.001230657 -0.445843250 -9.056911469 -0.037465833 0.996666789 -0.072468288 -1.835528612 0.444267958 0.081570990 0.892172635 29.188117981
0.891202033 0.004214260 -0.453586966 -9.472749710 -0.038663711 0.997023463 -0.066702656 -1.906913996 0.451955825 0.076982893 0.888712347 29.976280212
0.887611926 0.004528096 -0.460569918 -9.904788971 -0.037359305 0.997364700 -0.062193379 -1.976089954 0.459074616 0.072410151 0.885441899 30.778009415
0.883904934 0.003341489 -0.467654705 -10.340938568 -0.035905931 0.997507751 -0.060737688 -2.033353329 0.466286212 0.070477925 0.881822050 31.580457687
0.880320609 0.002764820 -0.474371195 -10.787901878 -0.035359055 0.997583687 -0.059803739 -2.098929405 0.473059624 0.069419779 0.878291249 32.425273895
0.877228379 0.003548766 -0.480060190 -11.251337051 -0.035710778 0.997684538 -0.057880148 -2.159569025 0.478743315 0.067917421 0.875324070 33.251640320
0.874051929 0.000814126 -0.485831767 -11.702350616 -0.032300603 0.997883379 -0.056439295 -2.210955143 0.484757543 0.065023541 0.872228146 34.082244873
0.871497512 0.000132288 -0.490399897 -12.209506035 -0.032011621 0.997882485 -0.056619179 -2.273768187 0.489354044 0.065041974 0.869656324 34.933105469
0.868951082 -0.002282939 -0.494892627 -12.664625168 -0.029884247 0.997922540 -0.057075292 -2.329248905 0.493994832 0.064385138 0.867077649 35.774459839
0.867440641 -0.001995543 -0.497536659 -13.167670250 -0.030639483 0.997879863 -0.057421394 -2.390206814 0.496596396 0.065053917 0.865540385 36.640262604
0.867164254 -0.000995557 -0.498021454 -13.663278580 -0.031276524 0.997915208 -0.056454092 -2.460136652 0.497039467 0.064531341 0.865325093 37.483680725
0.866784990 -0.000781647 -0.498681575 -14.172721863 -0.030714741 0.998016536 -0.054951251 -2.521467686 0.497735351 0.062947787 0.865041673 38.370895386
0.866819799 -0.001419630 -0.498619586 -14.692329407 -0.029727813 0.998069942 -0.054521609 -2.578835964 0.497734576 0.062083285 0.865104556 39.236942291
0.866208851 -0.003702801 -0.499668479 -15.219774246 -0.027612545 0.998089850 -0.055264540 -2.643598080 0.498918682 0.061667755 0.864451885 40.141445160
0.865052581 -0.006210876 -0.501642525 -15.746772766 -0.024951413 0.998153210 -0.055385448 -2.716465950 0.501060009 0.060428023 0.863300204 41.045867920
0.863289952 -0.006593120 -0.504665196 -16.292085648 -0.023729557 0.998278677 -0.053634085 -2.775947571 0.504150152 0.058277253 0.861647487 41.985176086
0.861351967 -0.005308016 -0.507980883 -16.858341217 -0.023217874 0.998489201 -0.049802575 -2.839252234 0.507477760 0.054691784 0.859927416 42.906909943
0.858576775 -0.005267139 -0.512657821 -17.411184311 -0.021379231 0.998709619 -0.046065908 -2.899740219 0.512238979 0.050511349 0.857356310 43.823440552
0.854584575 -0.005497658 -0.519283354 -17.987010956 -0.020097639 0.998844683 -0.043649446 -2.971698046 0.518923521 0.047738504 0.853486657 44.745353699
0.849325240 -0.008954914 -0.527794063 -18.552947998 -0.018213244 0.998763680 -0.046254415 -3.029646635 0.527555764 0.048897881 0.848111928 45.648876190
0.843287587 -0.012879911 -0.537308216 -19.128423691 -0.016095240 0.998659253 -0.049199991 -3.093520641 0.537221551 0.050137840 0.841949642 46.540843964
0.837198377 -0.012766888 -0.546750247 -19.717338562 -0.016431628 0.998688996 -0.048480425 -3.154592752 0.546652436 0.049571726 0.835891008 47.426681519
0.831379056 -0.009383819 -0.555626512 -20.313777924 -0.017561827 0.998914301 -0.043147992 -3.216896057 0.555428207 0.045630153 0.830311656 48.303062439
0.826166272 -0.004455153 -0.563408732 -20.923377991 -0.020948371 0.999034405 -0.038617946 -3.276854038 0.563036799 0.043707341 0.825275183 49.182720184
0.822237313 -0.004753844 -0.569124877 -21.539270401 -0.021951703 0.998956144 -0.040058680 -3.332153320 0.568721294 0.045430999 0.821274638 50.041976929
0.818670690 -0.007466262 -0.574214756 -22.157566071 -0.021957256 0.998777330 -0.044291586 -3.392687798 0.573843479 0.048868403 0.817505658 50.923713684
0.815631330 -0.009446478 -0.578494728 -22.793336868 -0.024794219 0.998377442 -0.051260777 -3.451698542 0.578040302 0.056153230 0.814073801 51.793895721
0.812309265 -0.010849289 -0.583126009 -23.426315308 -0.024483154 0.998311341 -0.052679617 -3.516700506 0.582712829 0.057068907 0.810671866 52.675678253
0.809159994 -0.009032579 -0.587518930 -24.067825317 -0.024112538 0.998529136 -0.048560482 -3.584612846 0.587093413 0.053459767 0.807752073 53.533668518
0.805964887 -0.006694571 -0.591925502 -24.713104248 -0.023668904 0.998771966 -0.043523483 -3.643122673 0.591489911 0.049088631 0.804816723 54.400817871
0.803031564 -0.004723760 -0.595917702 -25.355693817 -0.024083091 0.998894572 -0.040371377 -3.704964399 0.595449626 0.046771035 0.802030027 55.259841919
0.800040126 -0.003932787 -0.599933624 -26.009433746 -0.025896443 0.998820126 -0.041081764 -3.755332947 0.599387348 0.048403211 0.798994303 56.094520569
0.796450496 -0.005187598 -0.604681551 -26.669750214 -0.026050417 0.998740435 -0.042880300 -3.810031414 0.604142368 0.049904238 0.795312166 56.957824707
0.792325377 -0.008139933 -0.610044539 -27.346630096 -0.024777185 0.998656690 -0.045505840 -3.871804237 0.609595478 0.051170617 0.791059375 57.825668335
0.788341045 -0.009122753 -0.615171015 -27.990051270 -0.024135426 0.998661935 -0.045739297 -3.926706314 0.614765108 0.050905582 0.787065804 58.613807678
0.783802092 -0.009165196 -0.620943129 -28.669090271 -0.023813438 0.998712122 -0.044800252 -3.988106728 0.620554030 0.049901318 0.782574356 59.457626343
0.779216290 -0.008235813 -0.626701117 -29.354415894 -0.024667369 0.998735905 -0.043795384 -4.050663471 0.626269579 0.049585145 0.778028131 60.272426605
0.773663163 -0.010149305 -0.633515835 -30.048946381 -0.023662664 0.998711288 -0.044897314 -4.113157749 0.633155107 0.049726065 0.772426009 61.125343323
0.768344641 -0.011591887 -0.639931321 -30.750343323 -0.023255778 0.998670161 -0.046012644 -4.173712730 0.639613628 0.050235663 0.767053306 61.956962585
0.762641370 -0.012902549 -0.646692872 -31.459304810 -0.022262355 0.998685062 -0.046179228 -4.242703438 0.646438360 0.049615093 0.761351287 62.795486450
0.757079363 -0.014410431 -0.653163970 -32.183170319 -0.022248181 0.998608172 -0.047819559 -4.300480843 0.652943969 0.050734904 0.755704939 63.617668152
0.750928521 -0.016169062 -0.660185516 -32.893524170 -0.020766284 0.998627603 -0.048078716 -4.374670029 0.660056889 0.049813274 0.749562204 64.419700623
0.744569898 -0.017292483 -0.667320549 -33.633331299 -0.019636020 0.998664439 -0.047787797 -4.441784382 0.667255700 0.048684865 0.743235886 65.244209290
0.738603413 -0.017069425 -0.673923969 -34.387462616 -0.019763978 0.998701394 -0.046956345 -4.480151176 0.673850417 0.048001528 0.737307012 66.035667419
0.732339323 -0.017567452 -0.680713236 -35.155826569 -0.019247497 0.998733759 -0.046482004 -4.540972710 0.680667758 0.047142621 0.731073856 66.848922729
0.725526750 -0.018483618 -0.687945724 -35.918865204 -0.018855011 0.998730063 -0.046718743 -4.615303993 0.687935650 0.046866912 0.724256873 67.656402588
0.719254553 -0.020463411 -0.694445193 -36.704677582 -0.018240508 0.998665273 -0.048320111 -4.678153515 0.694507182 0.047421489 0.717921317 68.461189270
0.712739110 -0.020371161 -0.701133430 -37.495292664 -0.018931145 0.998655379 -0.048260059 -4.735533237 0.701173842 0.047670081 0.711395025 69.271842957
0.707860768 -0.019655764 -0.706078529 -38.311279297 -0.018859720 0.998730481 -0.046709914 -4.805405617 0.706100166 0.046380557 0.706591368 70.063018799
0.702360213 -0.019982040 -0.711541176 -39.133827209 -0.019162465 0.998712838 -0.046961818 -4.876800537 0.711563706 0.046619002 0.701073289 70.877761841
0.698065102 -0.020545056 -0.715739489 -39.964900970 -0.019135769 0.998695910 -0.047330458 -4.951540947 0.715778530 0.046735968 0.696761668 71.662994385
0.692238212 -0.022581026 -0.721315742 -40.790885925 -0.019834794 0.998537302 -0.050294761 -5.016846657 0.721396506 0.049123101 0.690777898 72.461242676
0.687479198 -0.025517719 -0.725755572 -41.642837524 -0.019060899 0.998404086 -0.053159729 -5.075903416 0.725953758 0.050379764 0.685895681 73.239547729
0.682585239 -0.025861161 -0.730348289 -42.496719360 -0.019354874 0.998383403 -0.053441241 -5.148535252 0.730549574 0.050614003 0.680981219 74.019920349
0.677421629 -0.024919206 -0.735172689 -43.356338501 -0.019993676 0.998432994 -0.052265689 -5.222405910 0.735323191 0.050104711 0.675861895 74.809432983
0.672002256 -0.025171362 -0.740121186 -44.230258942 -0.019549783 0.998470843 -0.051708240 -5.289744377 0.740290999 0.049217265 0.670482576 75.602027893
0.666983604 -0.026578851 -0.744598150 -45.096702576 -0.018173985 0.998485923 -0.051921096 -5.363510132 0.744850695 0.048162840 0.665490627 76.373397827
0.662179291 -0.027530715 -0.748839498 -45.974258423 -0.017190846 0.998503804 -0.051910918 -5.436115265 0.749148190 0.047247518 0.660715282 77.144966125
0.658239126 -0.027729999 -0.752297878 -46.872573853 -0.017257003 0.998502910 -0.051904593 -5.507870197 0.752610981 0.047148045 0.656775177 77.901451111
0.653621435 -0.028693667 -0.756277561 -47.765857697 -0.015784221 0.998546898 -0.051527210 -5.583163738 0.756657124 0.045616537 0.652218699 78.685150146
0.649884939 -0.031574778 -0.759376407 -48.690402985 -0.013077869 0.998524189 -0.052710749 -5.658431053 0.759919941 0.044186961 0.648512959 79.471115112
0.645721674 -0.035803255 -0.762732983 -49.600471497 -0.010849167 0.998369157 -0.056048978 -5.730584621 0.763495684 0.044467065 0.644280076 80.231048584
0.640935600 -0.040479723 -0.766526520 -50.534481049 -0.006225272 0.998301506 -0.057924904 -5.799715996 0.767569423 0.041897975 0.639594972 81.011878967
0.633696735 -0.043905791 -0.772334635 -51.463588715 -0.001314624 0.998325467 -0.057831589 -5.878736496 0.773580551 0.037663020 0.632577777 81.788131714
0.626097381 -0.047280774 -0.778310061 -52.395847321 0.002451782 0.998274386 -0.058670875 -5.955914497 0.779740989 0.034825437 0.625132918 82.521781921
0.617124140 -0.047991138 -0.785400867 -53.350257874 0.004924035 0.998354375 -0.057134412 -6.038812637 0.786850393 0.031391688 0.616344988 83.262725830
0.608059585 -0.046514865 -0.792527556 -54.319503784 0.005715315 0.998512685 -0.054219481 -6.121931076 0.793870866 0.028439132 0.607421041 84.008163452
0.599335611 -0.046686620 -0.799135268 -55.301368713 0.005090338 0.998499930 -0.054516140 -6.195744514 0.800481796 0.028605590 0.598674178 84.732124329
0.589486182 -0.048277967 -0.806334436 -56.292884827 0.004979815 0.998410642 -0.056137625 -6.276426315 0.807763100 0.029076954 0.588789642 85.452026367
0.580086231 -0.050373048 -0.812996030 -57.320152283 0.004844205 0.998281717 -0.058396887 -6.363095284 0.814540684 0.029936912 0.579333484 86.163223267
0.570980132 -0.052049473 -0.819312274 -58.350784302 0.005018179 0.998190820 -0.059916139 -6.442235470 0.820948482 0.030099474 0.570208430 86.865966797
0.560382068 -0.052507456 -0.826568127 -59.382667542 0.007817328 0.998279333 -0.058115505 -6.533674240 0.828197241 0.026105339 0.559828401 87.581100464
0.549665987 -0.052633721 -0.833724797 -60.405670166 0.009732164 0.998348892 -0.056610256 -6.620016098 0.835327864 0.023002790 0.549270689 88.244750977
0.539515615 -0.053458035 -0.840276897 -61.457370758 0.009770772 0.998312712 -0.057238698 -6.697830200 0.841918945 0.022671020 0.539127648 88.911354065
0.529313147 -0.054244108 -0.846690655 -62.540111542 0.009352796 0.998266459 -0.058108017 -6.788651943 0.848375022 0.022838414 0.528903008 89.575042725
0.518584907 -0.054942060 -0.853259206 -63.610435486 0.007667620 0.998192012 -0.059614278 -6.862389088 0.854991734 0.024372594 0.518068671 90.253997803
0.508752465 -0.056164704 -0.859078825 -64.696273804 0.006911451 0.998103917 -0.061160862 -6.948056698 0.860885084 0.025178259 0.508176088 90.890899658
0.498887271 -0.055885345 -0.864863276 -65.789184570 0.005722076 0.998109460 -0.061194673 -7.038478374 0.866648018 0.025580429 0.498263896 91.519523621
0.490327656 -0.052951548 -0.869928062 -66.769432068 0.004644613 0.998297215 -0.058147334 -7.146134377 0.871525764 0.024470767 0.489738673 92.087905884
0.482203245 -0.051357500 -0.874552727 -67.885528564 0.004977221 0.998424768 -0.055887502 -7.231456757 0.876045167 0.022596292 0.481699228 92.703002930
0.474793702 -0.051636752 -0.878580987 -68.996490479 0.004688296 0.998411596 -0.056145933 -7.316263676 0.880084693 0.022538688 0.474281520 93.295074463
0.466501355 -0.055178389 -0.882797718 -70.147842407 0.007698807 0.998267829 -0.058327410 -7.401089668 0.884486973 0.020413326 0.466118097 93.916770935
0.459280431 -0.058524981 -0.886361241 -71.285720825 0.010346786 0.998111963 -0.060542364 -7.489979744 0.888231158 0.018634928 0.459018826 94.507080078
0.453366727 -0.061553698 -0.889196157 -72.424125671 0.012090366 0.997945428 -0.062917337 -7.593611240 0.891242206 0.017773919 0.453179479 95.083145142
0.447655469 -0.065365136 -0.891813874 -73.562339783 0.014252304 0.997719467 -0.065973356 -7.687552452 0.894092560 0.016822930 0.447566241 95.659034729
0.442809165 -0.065293573 -0.894235313 -74.680999756 0.016415874 0.997768283 -0.064724281 -7.805928707 0.896465600 0.013980853 0.442892730 96.228721619
0.438712090 -0.062943257 -0.896420658 -75.830986023 0.018033089 0.997959793 -0.061247472 -7.899707794 0.898446679 0.010704779 0.438952059 96.789230347
0.435004503 -0.061453365 -0.898328781 -76.972496033 0.021819897 0.998094857 -0.057712201 -7.996165276 0.900163829 0.005503623 0.435516655 97.339462280
0.431299418 -0.060138933 -0.900202215 -78.135017395 0.021300925 0.998176575 -0.056478631 -8.087570190 0.901957333 0.005184061 0.431794018 97.912071228
0.428580731 -0.060130943 -0.901500404 -79.260131836 0.022993565 0.998185635 -0.055648610 -8.173409462 0.903210878 0.003121217 0.429185778 98.443649292
0.426715165 -0.058554612 -0.902488530 -80.401351929 0.024076974 0.998283625 -0.053385831 -8.271051407 0.904065490 0.001051354 0.427392602 98.959197998
0.423460275 -0.057666026 -0.904077470 -81.546440125 0.025921457 0.998334646 -0.051536828 -8.355436325 0.905543864 -0.001611205 0.424249828 99.522735596
0.421201319 -0.058988869 -0.905046821 -82.674896240 0.028386587 0.998251259 -0.051852837 -8.434377670 0.906522870 -0.003850707 0.422139168 100.051307678
0.418527663 -0.058988720 -0.906286299 -83.789230347 0.030640313 0.998237491 -0.050823819 -8.519250870 0.907687008 -0.006497716 0.419597507 100.567863464
0.416089743 -0.058370505 -0.907448173 -84.892791748 0.033968676 0.998238802 -0.048634939 -8.594841003 0.908688962 -0.010588310 0.417339712 101.086326599
0.414095610 -0.058100149 -0.908377171 -85.994171143 0.035993353 0.998225451 -0.047438830 -8.669363976 0.909521461 -0.013051333 0.415451974 101.583778381
0.412394971 -0.059760720 -0.909042954 -87.085838318 0.038498536 0.998097897 -0.048150029 -8.742398262 0.910191298 -0.015139989 0.413911283 102.079116821
0.410972804 -0.060251277 -0.909654379 -88.165443420 0.039881378 0.998046577 -0.048087962 -8.830978394 0.910774827 -0.016515426 0.412572920 102.570999146
0.410172343 -0.061248343 -0.909949005 -89.227874756 0.039505146 0.997999132 -0.049367458 -8.909673691 0.911151946 -0.015698502 0.411771268 103.050460815
0.410243720 -0.062162485 -0.909854829 -90.283004761 0.039478753 0.997949421 -0.050380688 -8.988097191 0.911121011 -0.015251567 0.411856622 103.541534424
0.412790477 -0.061619323 -0.908739269 -91.333358765 0.036626250 0.998024940 -0.051036268 -9.066925049 0.910089314 -0.012216426 0.414232045 103.998565674
0.416678816 -0.062018454 -0.906935751 -92.366027832 0.034474090 0.998030424 -0.052409098 -9.142924309 0.908399820 -0.009428021 0.417996228 104.480163574
0.422194570 -0.062326986 -0.904360056 -93.406028748 0.032930076 0.998029530 -0.053409342 -9.225019455 0.905906856 -0.007231511 0.423415184 104.946342468
0.428315282 -0.062122263 -0.901491404 -94.430618286 0.032894209 0.998044789 -0.053147160 -9.305661201 0.903030396 -0.006890109 0.429521412 105.423339844
0.435063750 -0.061057430 -0.898327053 -95.436386108 0.031576268 0.998119235 -0.052547563 -9.378455162 0.899845779 -0.005504279 0.436173469 105.911949158
0.443554908 -0.059382319 -0.894277751 -96.449577332 0.030552289 0.998224556 -0.051130939 -9.456256866 0.895726383 -0.004642856 0.444581658 106.395545959
0.452520877 -0.059014577 -0.889798939 -97.427528381 0.029743437 0.998251498 -0.051081043 -9.530700684 0.891257644 -0.003350435 0.453484952 106.887222290
0.462285012 -0.058597539 -0.884793103 -98.414863586 0.028639602 0.998280287 -0.051149927 -9.600181580 0.886268735 -0.001694273 0.463168263 107.390159607
0.471758276 -0.058542769 -0.879782200 -99.387229919 0.027392821 0.998284876 -0.051739581 -9.684178352 0.881302238 0.000308862 0.472552806 107.912048340
0.481998265 -0.061267018 -0.874027491 -100.352348328 0.026853345 0.998116553 -0.055156562 -9.745730400 0.875760555 0.003114808 0.482735664 108.439949036
0.493375123 -0.062055185 -0.867600203 -101.306251526 0.024884608 0.998050570 -0.057234615 -9.819164276 0.869460523 0.006648241 0.493957579 108.977935791
0.505781889 -0.060163032 -0.860560894 -102.252944946 0.022794802 0.998148799 -0.056384698 -9.898725510 0.862360120 0.008902045 0.506217122 109.526275635
0.518835008 -0.057687480 -0.852925777 -103.191398621 0.020919023 0.998278558 -0.054793339 -9.975193024 0.854618430 0.010586324 0.519148648 110.079940796
0.531073809 -0.055266779 -0.845521212 -104.102813721 0.020452479 0.998416007 -0.052414365 -10.053672791 0.847078800 0.010542887 0.531362951 110.647521973
0.543133974 -0.054781463 -0.837857008 -105.003936768 0.020671947 0.998439252 -0.051880367 -10.125016212 0.839391530 0.010857856 0.543418765 111.221130371
0.555241823 -0.054522745 -0.829899788 -105.889205933 0.020151397 0.998437881 -0.052113120 -10.205316544 0.831444800 0.012211741 0.555473089 111.800186157
0.566735685 -0.055878565 -0.822002530 -106.768486023 0.020053152 0.998337448 -0.054039769 -10.269270897 0.823655546 0.014142522 0.566914022 112.392227173
0.576879680 -0.057702746 -0.814788401 -107.621124268 0.022789275 0.998250425 -0.054560319 -10.346514702 0.816511095 0.012906301 0.577185392 113.009712219
0.588055372 -0.056575090 -0.806839585 -108.473175049 0.023252022 0.998320818 -0.053054687 -10.437231064 0.808486223 0.012438446 0.588383496 113.623672485
0.598835826 -0.054405820 -0.799021721 -109.305381775 0.022315782 0.998436034 -0.051259238 -10.504990578 0.800560951 0.012865073 0.599113345 114.238090515
0.608507991 -0.051371045 -0.791883230 -110.107643127 0.022571715 0.998619139 -0.047437593 -10.578104019 0.793226719 0.010991995 0.608827233 114.858497620
0.618482411 -0.049444944 -0.784241498 -110.914436340 0.020892434 0.998700261 -0.046489604 -10.647460938 0.785520852 0.012368288 0.618711591 115.482551575
0.628569901 -0.049321670 -0.776187658 -111.700592041 0.019423142 0.998671472 -0.047729880 -10.710521698 0.777510464 0.014925562 0.628692865 116.113342285
0.637901187 -0.048197422 -0.768608570 -112.461975098 0.017020233 0.998678148 -0.048498668 -10.781543732 0.769930124 0.017855462 0.637878358 116.750556946
0.647306383 -0.047957752 -0.760719717 -113.240104675 0.017045369 0.998679996 -0.048455238 -10.841558456 0.762039304 0.018398637 0.647269309 117.396774292
0.656204462 -0.045855366 -0.753188491 -113.977386475 0.016521113 0.998785675 -0.046413939 -10.903982162 0.754402101 0.018013526 0.656165242 118.047286987
0.665003002 -0.044243008 -0.745528996 -114.707260132 0.016952552 0.998880804 -0.044156548 -10.966464996 0.746648252 0.016725615 0.665008783 118.689208984
0.672960341 -0.043747045 -0.738383770 -115.431625366 0.017367309 0.998908818 -0.043353874 -11.025962830 0.739474654 0.016351700 0.672985792 119.359794617
0.680571437 -0.042954780 -0.731421590 -116.129974365 0.016291784 0.998920321 -0.043505255 -11.080718994 0.732500792 0.017692272 0.680536389 120.014877319
0.688280046 -0.041991938 -0.724228680 -116.824768066 0.015540550 0.998947680 -0.043151412 -11.134843826 0.725278616 0.018445343 0.688208342 120.665977478
0.695348680 -0.039243128 -0.717600346 -117.500671387 0.014720069 0.999076247 -0.040372469 -11.190341949 0.718521774 0.017509812 0.695284009 121.316726685
0.702527165 -0.036435071 -0.710723519 -118.161972046 0.013793994 0.999198020 -0.037588730 -11.243932724 0.711523116 0.016603390 0.702466488 121.978843689
0.710137665 -0.035050165 -0.703189790 -118.814643860 0.012939516 0.999241114 -0.036739334 -11.294782639 0.703943968 0.016991053 0.710052311 122.629966736
0.717736125 -0.034167577 -0.695476413 -119.454978943 0.012351736 0.999262929 -0.036345020 -11.347813606 0.696205676 0.017495785 0.717629135 123.279998779
0.725744307 -0.031043643 -0.687263727 -120.081550598 0.009352447 0.999334335 -0.035263736 -11.391355515 0.687900901 0.019164857 0.725551546 123.932632446
0.734810650 -0.028403217 -0.677677333 -120.681411743 0.008933417 0.999441445 -0.032202620 -11.441057205 0.678213477 0.017608849 0.734653950 124.578544617
0.744263887 -0.024519619 -0.667435348 -121.269248962 0.007041837 0.999558389 -0.028868422 -11.484134674 0.667848468 0.016785754 0.744107962 125.231796265
0.754385889 -0.022224214 -0.656054854 -121.844116211 0.005080868 0.999594450 -0.028019402 -11.525676727 0.656411529 0.017804114 0.754192889 125.887855530
0.764240324 -0.021065556 -0.644587338 -122.395790100 0.003315292 0.999581575 -0.028736303 -11.565061569 0.644922972 0.019824445 0.763990402 126.539772034
0.774281144 -0.022627451 -0.632437170 -122.940223694 0.003927534 0.999513149 -0.030952360 -11.603433609 0.632829547 0.021481909 0.773993194 127.204864502
0.784265995 -0.021614192 -0.620048106 -123.469284058 0.003485607 0.999530852 -0.030433774 -11.641632080 0.620414913 0.021706931 0.783973336 127.880455017
0.794497967 -0.020049330 -0.606935740 -123.989395142 0.003124808 0.999576569 -0.028929237 -11.677254677 0.607258737 0.021087663 0.794224262 128.562637329
0.804706812 -0.017586648 -0.593411863 -124.493476868 0.002703097 0.999659300 -0.025960816 -11.715560913 0.593666196 0.019286795 0.804480255 129.242996216
0.814325809 -0.016040221 -0.580186367 -124.998352051 0.002768489 0.999714077 -0.023753028 -11.748975754 0.580401361 0.017736467 0.814137399 129.951232910
0.823383808 -0.014935286 -0.567288220 -125.473510742 0.003802218 0.999776363 -0.020802934 -11.788303375 0.567472041 0.014971848 0.823256493 130.656051636
0.831637561 -0.014258256 -0.555135667 -125.946746826 0.004618468 0.999813378 -0.018760646 -11.815979004 0.555299580 0.013038181 0.831548214 131.359176636
0.839222610 -0.014503335 -0.543594539 -126.413040161 0.005988401 0.999830127 -0.017430767 -11.841380119 0.543754995 0.011373032 0.839166880 132.065887451
0.845632255 -0.014087793 -0.533579826 -126.861206055 0.006013135 0.999839664 -0.016868392 -11.879934311 0.533731997 0.011055966 0.845581472 132.799774170
0.852216244 -0.013500712 -0.523015440 -127.299758911 0.005163093 0.999835432 -0.017396078 -11.897800446 0.523164153 0.012124842 0.852145672 133.521408081
0.858940959 -0.011417142 -0.511947274 -127.744094849 0.003526327 0.999859631 -0.016381826 -11.924926758 0.512062490 0.012265727 0.858860612 134.263244629
0.865186512 -0.010338041 -0.501343668 -128.167663574 0.002801301 0.999871433 -0.015783712 -11.954549789 0.501442373 0.012251438 0.865104258 135.018707275
0.871325850 -0.010920315 -0.490583390 -128.590957642 0.003553076 0.999866486 -0.015946265 -11.978702545 0.490691960 0.012151313 0.871248364 135.760772705
0.876218915 -0.012387631 -0.481754035 -128.999694824 0.004853897 0.999845684 -0.016881317 -12.003578186 0.481888771 0.012453347 0.876143813 136.516723633
0.880686522 -0.012530629 -0.473533779 -129.411285400 0.004888776 0.999837220 -0.017365418 -12.030118942 0.473674238 0.012978490 0.880604446 137.278411865
0.884271324 -0.012049350 -0.466817915 -129.822174072 0.004727312 0.999846816 -0.016852990 -12.049228668 0.466949403 0.012695824 0.884192765 138.052642822
0.887513995 -0.010097601 -0.460670143 -130.229873657 0.004350914 0.999898911 -0.013534809 -12.071311951 0.460760295 0.010007995 0.887468219 138.834228516
0.890603065 -0.006042901 -0.454741359 -130.640533447 0.001979161 0.999953747 -0.009411890 -12.088804245 0.454777151 0.007482252 0.890573859 139.638397217
0.894083619 -0.003177065 -0.447888792 -131.047973633 0.000360426 0.999979615 -0.006373790 -12.112658501 0.447899967 0.005537271 0.894066513 140.437164307
0.897387922 -0.000270611 -0.441242397 -131.456298828 -0.001746115 0.999989808 -0.004164493 -12.125224113 0.441239089 0.004507625 0.897378266 141.259780884
0.900648952 0.001116751 -0.434545934 -131.862503052 -0.002231612 0.999995530 -0.002055370 -12.134634972 0.434541523 0.002820905 0.900647342 142.096099854
0.904073954 0.002940453 -0.427366048 -132.272140503 -0.002879144 0.999995589 0.000789676 -12.144399643 0.427366436 0.000516523 0.904078364 142.945739746
0.907579243 0.002857191 -0.419871122 -132.674011230 -0.001949898 0.999994755 0.002590054 -12.153405190 0.419876277 -0.001531974 0.907580018 143.806243896
0.911160052 0.002344899 -0.412045896 -133.081573486 -0.000937474 0.999993026 0.003617786 -12.162343025 0.412051499 -0.002910100 0.911155879 144.705810547
0.914877117 0.001412249 -0.403729916 -133.482864380 -0.000088693 0.999994576 0.003297000 -12.155516624 0.403732449 -0.002980542 0.914872229 145.616180420
0.918691337 -0.001404901 -0.394973636 -133.869567871 0.002693545 0.999992728 0.002708144 -12.162539482 0.394967020 -0.003551828 0.918688357 146.528274536
0.922976494 -0.002498179 -0.384848118 -134.268920898 0.003266694 0.999993801 0.001343176 -12.169480324 0.384842366 -0.002496901 0.922978878 147.453491211
0.927437305 -0.003326171 -0.373963892 -134.636077881 0.003335944 0.999994218 -0.000621109 -12.181067467 0.373963773 -0.000671484 0.927443027 148.386932373
0.932684660 -0.001841069 -0.360688061 -135.028472900 0.001324488 0.999997735 -0.001679388 -12.179610252 0.360690385 0.001088613 0.932684898 149.368850708
0.938958049 0.001490650 -0.344028354 -135.400115967 -0.001794684 0.999998271 -0.000565318 -12.187568665 0.344026953 0.001148232 0.938959002 150.348770142
0.945277035 0.005295198 -0.326225907 -135.742019653 -0.004846088 0.999985874 0.002189368 -12.195971489 0.326232821 -0.000488640 0.945289314 151.351272583
0.952049017 0.008464414 -0.305828273 -136.082260132 -0.007681937 0.999963462 0.003761994 -12.201193810 0.305848986 -0.001232249 0.952079237 152.368606567
0.958532274 0.010186953 -0.284801900 -136.394561768 -0.009344547 0.999947011 0.004316557 -12.208155632 0.284830779 -0.001476214 0.958576679 153.402618408
0.964563072 0.011760160 -0.263590306 -136.689727783 -0.010600197 0.999926925 0.005822445 -12.213483810 0.263639480 -0.002822007 0.964617133 154.460342407
0.970308363 0.012568577 -0.241544411 -136.968109131 -0.010893262 0.999906480 0.008270024 -12.217671394 0.241625771 -0.005393266 0.970354676 155.530212402
0.975514233 0.015451347 -0.219392836 -137.224853516 -0.013171511 0.999843001 0.011850545 -12.220342636 0.219541520 -0.008670640 0.975564599 156.620101929
0.980184555 0.017509066 -0.197310954 -137.437881470 -0.014657645 0.999766111 0.015902668 -12.225019455 0.197543278 -0.012695439 0.980211973 157.697280884
0.984412253 0.019535376 -0.174788266 -137.649902344 -0.016392581 0.999677300 0.019406401 -12.222237587 0.175110996 -0.016238665 0.984414816 158.831130981
0.988089263 0.021421205 -0.152383506 -137.825805664 -0.018729104 0.999642432 0.019080274 -12.213939667 0.152737752 -0.015999004 0.988137245 159.960006714
0.991176665 0.020490194 -0.130953476 -137.977218628 -0.018452303 0.999689341 0.016756605 -12.202212334 0.131256163 -0.014192364 0.991246939 161.117126465
0.993802726 0.021099586 -0.109137282 -138.129730225 -0.019492991 0.999685645 0.015766988 -12.194034576 0.109435678 -0.013541864 0.993901551 162.299255371
0.995850861 0.020015644 -0.088771671 -138.235626221 -0.018523000 0.999673367 0.017606499 -12.186672211 0.089095071 -0.015889125 0.995896399 163.489395142
0.997448683 0.020263696 -0.068450771 -138.328247070 -0.019001666 0.999638200 0.019038167 -12.176553726 0.068811782 -0.017688911 0.997472823 164.678146362
0.998616278 0.020980341 -0.048222173 -138.392089844 -0.020039158 0.999600768 0.019918969 -12.167298317 0.048620839 -0.018925071 0.998637915 165.898941040
0.999339819 0.022840375 -0.028251285 -138.421157837 -0.022266969 0.999542952 0.020447150 -12.157076836 0.028705394 -0.019804584 0.999391615 167.095947266
0.999700367 0.023471536 -0.006949978 -138.447647095 -0.023322949 0.999512851 0.020739041 -12.142234802 0.007433372 -0.020570736 0.999760687 168.339675903
0.999575615 0.025856795 0.013427181 -138.445922852 -0.026129387 0.999447465 0.020538887 -12.135412216 -0.012888693 -0.020881010 0.999698877 169.599349976
0.999089539 0.026861819 0.033148609 -138.411529541 -0.027502270 0.999440730 0.019018218 -12.120058060 -0.032619219 -0.019912560 0.999269485 170.871353149
0.998224676 0.027389644 0.052889619 -138.356750488 -0.028301286 0.999462187 0.016565148 -12.109052658 -0.052407458 -0.018032582 0.998462975 172.163742065
0.997027040 0.028936598 0.071411543 -138.266464233 -0.029986834 0.999456704 0.013678630 -12.099731445 -0.070976928 -0.015779370 0.997353137 173.458831787
0.995413244 0.029480230 0.091013148 -138.163146973 -0.030665940 0.999461710 0.011656796 -12.094729424 -0.090620510 -0.014394331 0.995781481 174.759033203
0.993515193 0.029553769 0.109791219 -138.028320312 -0.030673211 0.999493122 0.008520840 -12.093029022 -0.109483741 -0.011833234 0.993918121 176.070861816
0.991224349 0.031193670 0.128457099 -137.867004395 -0.031884316 0.999485970 0.003323009 -12.103946686 -0.128287405 -0.007389613 0.991709411 177.395416260
0.988704979 0.032448605 0.146320015 -137.682815552 -0.032293998 0.999472499 -0.003432558 -12.118172646 -0.146354213 -0.001331471 0.989231348 178.715072632
0.985916972 0.034199052 0.163701579 -137.474105835 -0.033202428 0.999409735 -0.008821093 -12.134089470 -0.163906619 0.003261577 0.986470461 180.039062500
0.982712448 0.036737595 0.181456953 -137.245986938 -0.034957413 0.999304175 -0.013000033 -12.161711693 -0.181808293 0.006432026 0.983312964 181.378829956
0.979294300 0.038556129 0.198736235 -136.982208252 -0.036124315 0.999221623 -0.015849052 -12.195886612 -0.199192613 0.008341677 0.979924858 182.717285156
0.975610971 0.037895530 0.216211542 -136.695327759 -0.035384454 0.999253988 -0.015474678 -12.234531403 -0.216636702 0.007446736 0.976223826 184.084594727
0.971708536 0.037182838 0.233238161 -136.379394531 -0.034285821 0.999276519 -0.016464312 -12.269172668 -0.233681619 0.008001745 0.972280204 185.443344116
0.967510760 0.037456624 0.250039935 -136.031112671 -0.033118561 0.999219298 -0.021535823 -12.311578751 -0.250651389 0.012555179 0.967996001 186.818267822
0.963231802 0.038580831 0.265887201 -135.660537720 -0.032794651 0.999119461 -0.026168989 -12.352295876 -0.266662687 0.016487131 0.963648915 188.175842285
0.958322167 0.040905092 0.282746077 -135.270019531 -0.035022773 0.999052584 -0.025829690 -12.404990196 -0.283534795 0.014850613 0.958846867 189.553009033
0.953019381 0.042986102 0.299843401 -134.846359253 -0.036616746 0.998969018 -0.026831726 -12.454357147 -0.300687730 0.014591865 0.953611016 190.927886963
0.947115660 0.046639506 0.317484856 -134.409942627 -0.039116476 0.998783231 -0.030032698 -12.509165764 -0.318499267 0.016025549 0.947787642 192.304916382
0.941050708 0.047185969 0.334958315 -133.937713623 -0.038014315 0.998702407 -0.033888817 -12.571258545 -0.336122751 0.019157881 0.941623330 193.681564331
0.934913099 0.047850739 0.351635933 -133.430770874 -0.037506737 0.998641551 -0.036174309 -12.637681961 -0.352889210 0.020631110 0.935437560 195.049743652
0.928286672 0.048722278 0.368659675 -132.900329590 -0.035900876 0.998490691 -0.041562553 -12.710845947 -0.370128274 0.025346763 0.928634822 196.416488647
0.920187712 0.051958472 0.388013989 -132.358291626 -0.036304269 0.998207867 -0.047572024 -12.790838242 -0.389790386 0.029688630 0.920424938 197.775695801
0.910791695 0.055440016 0.409126967 -131.766784668 -0.037820265 0.997980177 -0.051039554 -12.878875732 -0.411130339 0.031013114 0.911048889 199.145721436
0.899553657 0.058366925 0.432893217 -131.160232544 -0.039526224 0.997843444 -0.052403457 -12.974913597 -0.435018212 0.030029086 0.899920762 200.485107422
